1731875758882 0.012347881682217121 0
1731875760418 0.003726543625816703 1
1731875761978 0.0035756013821810484 2
1731875763457 0.002873373683542013 3
1731875765129 0.0029344670474529266 4
1731875766581 0.0023799261543899775 5
1731875767960 0.0025569223798811436 6
1731875769499 0.002267623320221901 7
1731875771037 0.002035885350778699 8
1731875772469 0.00206026341766119 9
1731875773877 0.0019200794631615281 10
1731875775660 0.0018533357651904225 11
1731875777029 0.002039849990978837 12
1731875778440 0.00196247361600399 13
1731875779880 0.0018720594234764576 14
1731875781283 0.0019171707099303603 15
1731875782748 0.0019236135995015502 16
1731875784155 0.0018219496123492718 17
1731875785577 0.0019159590592607856 18
1731875787301 0.001822044374421239 19
1731875789040 0.0016649345634505153 20
1731875790473 0.0016181564424186945 21
1731875791853 0.0015211428981274366 22
1731875793332 0.0016570845618844032 23
1731875794862 0.0016082227230072021 24
1731875796354 0.0017254911363124847 25
1731875797755 0.0014116463717073202 26
1731875799143 0.001688630785793066 27
1731875800592 0.0014352077851071954 28
1731875802212 0.0014778486220166087 29
1731875803654 0.0017983595607802272 30
1731875805155 0.0016048612305894494 31
1731875806583 0.0017006576526910067 32
1731875808028 0.0014605727046728134 33
1731875809468 0.0012729036388918757 34
1731875810796 0.0014575730310752988 35
1731875812298 0.0016193871852010489 36
1731875813680 0.0014581965515390038 37
1731875815289 0.0017038015648722649 38
1731875816672 0.0014370528515428305 39
1731875818126 0.001466397661715746 40
1731875819523 0.001319653820246458 41
1731875820967 0.0014525235164910555 42
1731875822442 0.0013669622130692005 43
1731875823829 0.0014827917329967022 44
1731875825419 0.0015166638186201453 45
1731875826810 0.0014360886998474598 46
1731875828407 0.00135328050237149 47
1731875829963 0.0013703687582165003 48
1731875831470 0.0012920161243528128 49
