1731877868120 0.014521371573209763 0
1731877869582 0.0071046007797122 1
1731877871103 0.004659839440137148 2
1731877872783 0.0038248086348176003 3
1731877874112 0.003442215034738183 4
1731877875597 0.003842486534267664 5
1731877876932 0.002812726190313697 6
1731877878298 0.003086276352405548 7
1731877879634 0.0029388046823441982 8
1731877881016 0.002540559507906437 9
1731877882383 0.0025353573728352785 10
1731877883731 0.0027688073460012674 11
1731877885086 0.0023416730109602213 12
1731877886590 0.00220504985190928 13
1731877887952 0.002291846787557006 14
1731877889308 0.002604873152449727 15
1731877890645 0.0023236009292304516 16
1731877892263 0.0017382203368470073 17
1731877893663 0.0022754219826310873 18
1731877895129 0.0018703172681853175 19
1731877896504 0.0018907932098954916 20
1731877897852 0.002040794352069497 21
1731877899220 0.0017581457505002618 22
1731877900710 0.0020947186276316643 23
1731877902057 0.0020953440107405186 24
1731877903388 0.0017705506179481745 25
1731877904752 0.0017107356106862426 26
1731877906275 0.0018458619015291333 27
1731877907629 0.0019497880712151527 28
1731877908998 0.002028466435149312 29
1731877910484 0.0016305147437378764 30
1731877911899 0.0020618168637156487 31
1731877913220 0.0017385861137881875 32
1731877914587 0.0018012004438787699 33
1731877915977 0.0016916821477934718 34
1731877917306 0.0019312220392748713 35
1731877918674 0.0018155041616410017 36
1731877920199 0.0015862956643104553 37
1731877921564 0.001593062188476324 38
1731877922897 0.0016896731685847044 39
1731877924258 0.0016098188934847713 40
1731877925631 0.0016124978428706527 41
1731877926973 0.0016152007738128304 42
1731877928347 0.0016666678711771965 43
1731877929792 0.0015481490409001708 44
1731877931192 0.0014857735950499773 45
1731877932741 0.0014997445978224277 46
1731877934087 0.001507797627709806 47
1731877935472 0.001479470869526267 48
1731877936844 0.0015899533173069358 49
