1731877013853 0.16650839149951935 0
1731877015538 0.05254758894443512 1
1731877017113 0.0034142709337174892 2
1731877018703 0.0025379445869475603 3
1731877020201 0.0029154398944228888 4
1731877021785 0.002189256716519594 5
1731877023262 0.001735865487717092 6
1731877024915 0.0021490983199328184 7
1731877026482 0.0019516139291226864 8
1731877027982 0.0016895259032025933 9
1731877029462 0.001519726007245481 10
1731877031036 0.0016141949454322457 11
1731877032575 0.0018968423828482628 12
1731877034067 0.0013467458775267005 13
1731877035648 0.0012963804183527827 14
1731877037321 0.0016213776543736458 15
1731877038812 0.0013935859315097332 16
1731877040285 0.0013856542063876987 17
1731877041843 0.0013401649193838239 18
1731877043373 0.0016959643689915538 19
1731877044838 0.0011926968581974506 20
1731877046321 0.001258957083337009 21
1731877047960 0.0013778257416561246 22
1731877049404 0.0013053844450041652 23
1731877051050 0.0014109767507761717 24
1731877052728 0.001206452609039843 25
1731877054302 0.0011538306716829538 26
1731877055806 0.0012656752951443195 27
1731877057284 0.001234239898622036 28
1731877058785 0.001225863117724657 29
1731877060240 0.0011151746148243546 30
1731877061712 0.0011773745063692331 31
1731877063412 0.0011803489178419113 32
1731877064912 0.0011085058795288205 33
1731877066375 0.0013083680532872677 34
1731877068035 0.0012899369467049837 35
1731877069516 0.0011434631887823343 36
1731877071065 0.0010337618878111243 37
1731877072558 0.0011828630231320858 38
1731877074080 0.0012771151959896088 39
1731877075542 0.0013994626933708787 40
1731877077126 0.0010924645466729999 41
1731877078996 0.0011655660346150398 42
1731877080485 0.0012072804383933544 43
1731877081976 0.0012710768496617675 44
1731877083435 0.0011079077376052737 45
1731877084931 0.0010508886771276593 46
1731877086781 0.001025926903821528 47
1731877088542 0.001143728499300778 48
1731877090197 0.0011203441536054015 49
