1731859393655 0.13378959894180298 0
1731859394246 0.025693312287330627 1
1731859394848 0.007585558108985424 2
1731859395322 0.008380742743611336 3
1731859395955 0.004350431729108095 4
1731859396463 0.0033481300342828035 5
1731859396966 0.004483694676309824 6
1731859397447 0.003071207320317626 7
1731859398026 0.003557812888175249 8
1731859398507 0.002600522479042411 9
1731859398999 0.0037110329139977694 10
1731859399485 0.004203856457024813 11
1731859399964 0.0032325119245797396 12
1731859400448 0.026699043810367584 13
1731859400925 0.00551124382764101 14
1731859401681 0.00260789692401886 15
1731859402186 0.002460297429934144 16
1731859402755 0.0022489973343908787 17
1731859403228 0.0021798242814838886 18
1731859403723 0.002772160340100527 19
1731859404215 0.0026507715228945017 20
1731859404695 0.00297172786667943 21
1731859405177 0.00238965917378664 22
1731859405653 0.002073854673653841 23
1731859406147 0.0019654403440654278 24
1731859406726 0.0020737682934850454 25
1731859407213 0.001995113445445895 26
1731859407696 0.002265860792249441 27
1731859408169 0.001917606801725924 28
1731859408672 0.0017983372090384364 29
1731859409156 0.0020521837286651134 30
1731859409634 0.001989694545045495 31
1731859410110 0.0019261655397713184 32
1731859410605 0.002057008445262909 33
1731859411081 0.0016805275809019804 34
1731859411559 0.0017259542364627123 35
1731859412034 0.002101895632222295 36
1731859412520 0.001752477721311152 37
1731859413118 0.0018646573880687356 38
1731859413597 0.0017818169435486197 39
1731859414081 0.001697642495855689 40
1731859414657 0.0015652294969186187 41
1731859415154 0.0018946031341329217 42
1731859415634 0.0022882085759192705 43
1731859416212 0.0018067554337903857 44
1731859416689 0.0015760818496346474 45
1731859417276 0.0016490741400048137 46
1731859417776 0.0014952515484765172 47
1731859418257 0.0016515557654201984 48
1731859418725 0.0022040586918592453 49
