1731881442707 0.07579687237739563 0
1731881443212 0.004881296772509813 1
1731881443748 0.0029659986030310392 2
1731881444252 0.0023040270898491144 3
1731881444604 0.0021756018977612257 4
1731881444928 0.0017454295884817839 5
1731881445272 0.0016729666385799646 6
1731881445630 0.0016505216481164098 7
1731881446010 0.0016283363802358508 8
1731881446366 0.001433907775208354 9
1731881446729 0.002656251424923539 10
1731881447087 0.0025734256487339735 11
1731881447445 0.0013616925571113825 12
1731881447938 0.0012806644663214684 13
1731881448327 0.0017525901785120368 14
1731881449015 0.0016717573162168264 15
1731881449385 0.0013700760900974274 16
1731881449720 0.0013632813934236765 17
1731881450270 0.0014103655703365803 18
1731881450650 0.002529407385736704 19
1731881451017 0.00311380997300148 20
1731881451378 0.0015872832154855132 21
1731881451737 0.0016702768625691533 22
1731881452099 0.0013508977135643363 23
1731881452448 0.00122297543566674 24
1731881452807 0.0011657048016786575 25
1731881453274 0.0013453129213303328 26
1731881453637 0.0015269806608557701 27
1731881453995 0.0025585375260561705 28
1731881454353 0.0025128540582954884 29
1731881454860 0.0012242074590176344 30
1731881455227 0.001138021470978856 31
1731881455760 0.001288929721340537 32
1731881456118 0.0013161591487005353 33
1731881456605 0.0011983735021203756 34
1731881457131 0.0012681691441684961 35
1731881457484 0.0011247664224356413 36
1731881457869 0.0010508904233574867 37
1731881458376 0.0010826692450791597 38
1731881458735 0.0010614426573738456 39
1731881459098 0.0014408307615667582 40
1731881459500 0.0014587718760594726 41
1731881459859 0.00115334487054497 42
1731881460384 0.0011732022976502776 43
1731881460747 0.0010495503665879369 44
1731881461109 0.0012083572801202536 45
1731881461613 0.0015467075863853097 46
1731881461964 0.0011605683248490095 47
1731881462330 0.0011939213145524263 48
1731881462715 0.0011448001023381948 49
