1731882951456 0.16919560730457306 0
1731882952598 0.1645462065935135 1
1731882953823 0.050097838044166565 2
1731882955019 0.01833070069551468 3
1731882955982 0.017755653709173203 4
1731882957299 0.009325211867690086 5
1731882958267 0.0028512212447822094 6
1731882959441 0.002584622008726001 7
1731882960401 0.002505350159481168 8
1731882961372 0.0039422232657670975 9
1731882962314 0.0019466158701106906 10
1731882963265 0.001789621077477932 11
1731882964226 0.0020739466417580843 12
1731882965165 0.0021511230152100325 13
1731882966334 0.001631068647839129 14
1731882967280 0.001407803618349135 15
1731882968264 0.001980785047635436 16
1731882969236 0.0023307481314986944 17
1731882970186 0.0016777081182226539 18
1731882971183 0.0018738465150818229 19
1731882972311 0.0013527052942663431 20
1731882973316 0.0012147234519943595 21
1731882974510 0.001472387695685029 22
1731882975628 0.0013898782199248672 23
1731882976592 0.0013197113294154406 24
1731882977893 0.0013710461789742112 25
1731882978872 0.0019330423092469573 26
1731882979838 0.0017149620689451694 27
1731882980819 0.0019533110316842794 28
1731882981763 0.0016735189128667116 29
1731882982748 0.0011391909793019295 30
1731882983721 0.0014331114944070578 31
1731882984933 0.0013905746163800359 32
1731882985891 0.001264082849957049 33
1731882986849 0.001407739007845521 34
1731882987959 0.0022128173150122166 35
1731882988944 0.0015178252942860126 36
1731882990691 0.0012321789981797338 37
1731882991645 0.001149868476204574 38
1731882992659 0.0013672051718458533 39
1731882993680 0.0012631217250600457 40
1731882994727 0.0012500330340117216 41
1731882995772 0.001932593178935349 42
1731882996793 0.0016591313760727644 43
1731882998117 0.001138749998062849 44
1731882999416 0.001067611388862133 45
1731883000465 0.0010458793258294463 46
1731883001869 0.0010571014136075974 47
1731883002852 0.0010043574729934335 48
1731883003821 0.001041541458107531 49
