1731891532406 0.017884736880660057 0
1731891533793 0.007543385960161686 1
1731891534969 0.0038522789254784584 2
1731891536924 0.004145700950175524 3
1731891538090 0.0037695651408284903 4
1731891539196 0.0033924379386007786 5
1731891540327 0.003338908078148961 6
1731891541443 0.0032804340589791536 7
1731891542697 0.0029143947176635265 8
1731891543947 0.002259492874145508 9
1731891545179 0.0023455661721527576 10
1731891546581 0.00286616082303226 11
1731891547701 0.0017443859251216054 12
1731891548771 0.0021733250468969345 13
1731891550029 0.002057611010968685 14
1731891551116 0.0024671554565429688 15
1731891552221 0.002063585678115487 16
1731891553309 0.0023505552671849728 17
1731891554409 0.002144753932952881 18
1731891555492 0.0022546860855072737 19
1731891556555 0.0016624087002128363 20
1731891557665 0.0018632457358762622 21
1731891558875 0.0018454025266692042 22
1731891560132 0.0020335668232291937 23
1731891561306 0.001972600119188428 24
1731891562496 0.0017727215308696032 25
1731891563634 0.0016948311822488904 26
1731891564766 0.0020916052162647247 27
1731891565889 0.001678632921539247 28
1731891567052 0.0019413806730881333 29
1731891568210 0.001476158038713038 30
1731891569350 0.0015801849076524377 31
1731891570467 0.0018860429991036654 32
1731891571596 0.0014353806618601084 33
1731891572773 0.0016305044991895556 34
1731891574116 0.0018036233959719539 35
1731891575232 0.0016802612226456404 36
1731891576367 0.0015076277777552605 37
1731891577462 0.0016373094404116273 38
1731891578601 0.0016784609761089087 39
1731891579791 0.0013334776740521193 40
1731891580902 0.0015704788966104388 41
1731891581998 0.001285567064769566 42
1731891583130 0.0015070647932589054 43
1731891584229 0.0017752386629581451 44
1731891585420 0.0016569081926718354 45
1731891586705 0.0015606378437951207 46
1731891587829 0.0013237461680546403 47
1731891588922 0.0015167755773290992 48
1731891590144 0.0013809299562126398 49
