1731882895102 0.048618853092193604 0
1731882895877 0.010473811998963356 1
1731882896629 0.007140528876334429 2
1731882897254 0.006711253430694342 3
1731882898044 0.0037271392066031694 4
1731882898812 0.0031145999673753977 5
1731882899766 0.003068129764869809 6
1731882900375 0.003464285284280777 7
1731882900966 0.003203002503141761 8
1731882901561 0.0028379608411341906 9
1731882902347 0.0025796762201935053 10
1731882902968 0.0027096879202872515 11
1731882903750 0.0024426321033388376 12
1731882904688 0.002541506662964821 13
1731882905951 0.002407236024737358 14
1731882906545 0.002307277638465166 15
1731882907163 0.002181461313739419 16
1731882907760 0.002774463500827551 17
1731882908398 0.002181275049224496 18
1731882909153 0.00208214926533401 19
1731882909778 0.0032089492306113243 20
1731882910377 0.0023682506289333105 21
1731882911141 0.0027803857810795307 22
1731882911768 0.003075203625485301 23
1731882912371 0.0021091748494654894 24
1731882913145 0.001844845712184906 25
1731882913761 0.0019949970301240683 26
1731882914388 0.0018993240082636476 27
1731882914990 0.0017073034541681409 28
1731882915583 0.0018585588550195098 29
1731882916174 0.002402497688308358 30
1731882916804 0.0018385557923465967 31
1731882917575 0.0016085590468719602 32
1731882918198 0.001589051098562777 33
1731882918872 0.0018236597534269094 34
1731882919479 0.001557147828862071 35
1731882920075 0.001649842830374837 36
1731882920674 0.0017935746582224965 37
1731882921292 0.0022535985335707664 38
1731882921892 0.001893260283395648 39
1731882922487 0.0018391625490039587 40
1731882923512 0.001379656489007175 41
1731882924071 0.0015562950866296887 42
1731882924668 0.001886260462924838 43
1731882925258 0.0021478019189089537 44
1731882925885 0.0026071330066770315 45
1731882926487 0.0016828234074637294 46
1731882927088 0.0013886282686144114 47
1731882927854 0.0016171997413039207 48
1731882928522 0.0014168097404763103 49
