1731861358945 0.10364040732383728 0
1731861359634 0.03854919597506523 1
1731861360350 0.020231349393725395 2
1731861360983 0.026333462446928024 3
1731861361594 0.012806588783860207 4
1731861362149 0.03937917575240135 5
1731861362676 0.02027256041765213 6
1731861363324 0.014571504667401314 7
1731861363976 0.008681799285113811 8
1731861364811 0.008114325813949108 9
1731861365459 0.00734071945771575 10
1731861366019 0.006935877725481987 11
1731861366586 0.006629263982176781 12
1731861367240 0.006212135776877403 13
1731861367771 0.006755484733730555 14
1731861368301 0.005590149201452732 15
1731861368984 0.005536381620913744 16
1731861369521 0.005368849262595177 17
1731861370044 0.005589601583778858 18
1731861370574 0.0060945916920900345 19
1731861371510 0.004696453455835581 20
1731861372097 0.004817392211407423 21
1731861372751 0.004441287834197283 22
1731861373401 0.004133202601224184 23
1731861374228 0.004054360091686249 24
1731861374760 0.003990295808762312 25
1731861375289 0.00550431851297617 26
1731861375819 0.004208745900541544 27
1731861376510 0.004073807504028082 28
1731861377035 0.004588977433741093 29
1731861377580 0.0044073741883039474 30
1731861378387 0.0038318417500704527 31
1731861378945 0.005125369876623154 32
1731861379474 0.004015669692307711 33
1731861380011 0.0038038152270019054 34
1731861380549 0.0032737208530306816 35
1731861381118 0.003491234267130494 36
1731861381652 0.003093789564445615 37
1731861382300 0.0030355521012097597 38
1731861382823 0.003220855724066496 39
1731861383392 0.0032968015875667334 40
1731861383925 0.002929195063188672 41
1731861384464 0.00267399987205863 42
1731861384996 0.002546248259022832 43
1731861385847 0.0023271318059414625 44
1731861386492 0.0028854224365204573 45
1731861387035 0.003213129471987486 46
1731861387566 0.002334651770070195 47
1731861388128 0.002725048456341028 48
1731861388655 0.003658621571958065 49
