1731876336521 0.014515543356537819 0
1731876338620 0.0054306709207594395 1
1731876340711 0.0050666071474552155 2
1731876342849 0.0033179456368088722 3
1731876344980 0.0032778808381408453 4
1731876346894 0.0027835110668092966 5
1731876348792 0.0024198777973651886 6
1731876350778 0.002193794585764408 7
1731876352715 0.002291598357260227 8
1731876354621 0.002056797966361046 9
1731876356716 0.0019328359048813581 10
1731876358680 0.0019082685466855764 11
1731876360591 0.0017835424514487386 12
1731876362530 0.0015512387035414577 13
1731876364435 0.0014999972190707922 14
1731876366462 0.0020197161938995123 15
1731876368380 0.001681020250543952 16
1731876370430 0.0016350913792848587 17
1731876372373 0.0017888626316562295 18
1731876374271 0.0015560478204861283 19
1731876376304 0.0018238775664940476 20
1731876378199 0.0015229253331199288 21
1731876380102 0.0015799165703356266 22
1731876382028 0.0016168426955118775 23
1731876384116 0.0014296408044174314 24
1731876386011 0.0016035709995776415 25
1731876388087 0.0016242102719843388 26
1731876390215 0.0015372899360954762 27
1731876392156 0.0014060423709452152 28
1731876394154 0.0013500226195901632 29
1731876396070 0.0014800087083131075 30
1731876398004 0.0013857277808710933 31
1731876399926 0.0014351860154420137 32
1731876401962 0.001412896323017776 33
1731876404053 0.0013585608685389161 34
1731876405933 0.0012868545018136501 35
1731876407939 0.0012139079626649618 36
1731876409843 0.0013517452171072364 37
1731876411802 0.0012337957741692662 38
1731876413809 0.0013818307779729366 39
1731876415712 0.0012191027635708451 40
1731876417805 0.0015210097189992666 41
1731876419717 0.0012253513559699059 42
1731876421641 0.0014081979170441628 43
1731876423571 0.0012304289266467094 44
1731876425485 0.0012803477002307773 45
1731876427407 0.0015162895433604717 46
1731876429322 0.0012695977929979563 47
1731876431509 0.001186021720059216 48
1731876433435 0.0011351132998242974 49
