1731879052979 0.020364945754408836 0
1731879054232 0.007159499451518059 1
1731879055576 0.0032919414807111025 2
1731879056679 0.004968615248799324 3
1731879057783 0.005610234569758177 4
1731879059023 0.002480886410921812 5
1731879060118 0.0016668550670146942 6
1731879061206 0.0017007577698677778 7
1731879062644 0.001889894949272275 8
1731879063887 0.002249498385936022 9
1731879064967 0.0015562812332063913 10
1731879066209 0.0015476003754884005 11
1731879067311 0.0021005377639085054 12
1731879068414 0.0018961495952680707 13
1731879069499 0.003177766455337405 14
1731879070805 0.0015355974901467562 15
1731879071894 0.0015637071337550879 16
1731879073331 0.0014523736899718642 17
1731879074409 0.0021839356049895287 18
1731879075508 0.0015930638182908297 19
1731879076597 0.0014134919038042426 20
1731879077708 0.001858772593550384 21
1731879078808 0.003972985316067934 22
1731879079895 0.0018097227439284325 23
1731879081167 0.0013665372971445322 24
1731879082247 0.0012142052873969078 25
1731879083387 0.0019660682883113623 26
1731879084471 0.0015324169071391225 27
1731879085898 0.0013093807501718402 28
1731879086980 0.0013903829967603087 29
1731879088123 0.0013337925774976611 30
1731879089204 0.001329664490185678 31
1731879090318 0.0012505840277299285 32
1731879091402 0.001147738890722394 33
1731879092544 0.0012882336741313338 34
1731879094181 0.0010864000068977475 35
1731879095581 0.001426728442311287 36
1731879096685 0.0012175403535366058 37
1731879097823 0.001108962227590382 38
1731879098904 0.001828428590670228 39
1731879100022 0.0013653550995513797 40
1731879101107 0.0011590240756049752 41
1731879102206 0.0013230110052973032 42
1731879103487 0.0013534860918298364 43
1731879104593 0.0015395890222862363 44
1731879105680 0.001077046268619597 45
1731879106776 0.001197890960611403 46
1731879108076 0.001038160058669746 47
1731879109181 0.0011150697246193886 48
1731879110268 0.0012194663286209106 49
