1731882716995 0.16810163855552673 0
1731882717545 0.16578075289726257 1
1731882718121 0.16451092064380646 2
1731882718676 0.16396564245224 3
1731882719419 0.0817364901304245 4
1731882719976 0.021044883877038956 5
1731882720397 0.018062470480799675 6
1731882720946 0.006601330358535051 7
1731882721523 0.00255953473970294 8
1731882722249 0.0024413345381617546 9
1731882722795 0.002293344819918275 10
1731882723337 0.002253234153613448 11
1731882723900 0.001742716645821929 12
1731882724292 0.0018809332977980375 13
1731882724679 0.001965234987437725 14
1731882725075 0.0016264371806755662 15
1731882725484 0.0014366114046424627 16
1731882725869 0.0013298903359100223 17
1731882726419 0.0014950964832678437 18
1731882726813 0.0017069743480533361 19
1731882727199 0.0012863022275269032 20
1731882727614 0.0013062547659501433 21
1731882728154 0.00120703992433846 22
1731882728542 0.001087167882360518 23
1731882729082 0.0013029433321207762 24
1731882729469 0.001253460068255663 25
1731882729883 0.0010930955177173018 26
1731882730279 0.0012877725530415773 27
1731882730673 0.0015738899819552898 28
1731882731072 0.0012827722821384668 29
1731882731834 0.0011352001456543803 30
1731882732261 0.0010534574976190925 31
1731882732652 0.0011198787251487374 32
1731882733037 0.0013051568530499935 33
1731882733428 0.0012159800389781594 34
1731882733820 0.0031510652042925358 35
1731882734209 0.0012905054027214646 36
1731882734626 0.0010929545387625694 37
1731882735010 0.0012877106200903654 38
1731882735401 0.001520286314189434 39
1731882735789 0.0013384410412982106 40
1731882736179 0.0011154944077134132 41
1731882736639 0.0011120615527033806 42
1731882737054 0.0010510352440178394 43
1731882737791 0.001116046216338873 44
1731882738182 0.0011801000218838453 45
1731882738565 0.0011142221046611667 46
1731882738955 0.0011353781446814537 47
1731882739372 0.0010061715729534626 48
1731882739761 0.0010216933442279696 49
