1731892340273 0.06043818220496178 0
1731892341139 0.003663641167804599 1
1731892342038 0.003311839187517762 2
1731892342914 0.0021913901437073946 3
1731892343674 0.001973041333258152 4
1731892344449 0.0020108900498598814 5
1731892345379 0.002162856049835682 6
1731892346174 0.0017831724835559726 7
1731892346946 0.004418289288878441 8
1731892347697 0.0019820227753371 9
1731892348585 0.002049552509561181 10
1731892349371 0.0018292893655598164 11
1731892350136 0.0015157272573560476 12
1731892351037 0.0023723114281892776 13
1731892351796 0.001756882295012474 14
1731892352580 0.0014360076747834682 15
1731892353410 0.0018798763630911708 16
1731892354218 0.001498060068115592 17
1731892355095 0.0016232806956395507 18
1731892355877 0.00127334741409868 19
1731892356634 0.0012945046182721853 20
1731892357557 0.0013247468741610646 21
1731892358463 0.0019651895854622126 22
1731892359233 0.0013774504186585546 23
1731892359998 0.001445246278308332 24
1731892360780 0.0012803373392671347 25
1731892361542 0.0011916049988940358 26
1731892362301 0.0013342900201678276 27
1731892363210 0.0013609841698780656 28
1731892364070 0.0010883038630709052 29
1731892364830 0.0012045936891809106 30
1731892365609 0.0013173999032005668 31
1731892366402 0.0015614265576004982 32
1731892367282 0.002450796542689204 33
1731892368067 0.0011683286866173148 34
1731892368989 0.0010808180086314678 35
1731892369759 0.0013078302145004272 36
1731892370557 0.0009616260649636388 37
1731892371319 0.0011398176429793239 38
1731892372205 0.0011286131339147687 39
1731892372969 0.001251610112376511 40
1731892373732 0.001230803201906383 41
1731892374624 0.0011235626880079508 42
1731892375398 0.0009948811493813992 43
1731892376164 0.0010290623176842928 44
1731892376946 0.0009535388089716434 45
1731892377714 0.0011915141949430108 46
1731892378597 0.0010114879114553332 47
1731892379393 0.001081323716789484 48
1731892380152 0.00103208445943892 49
