1731880310132 0.07619880139827728 0
1731880311056 0.010706068947911263 1
1731880311942 0.0037726799491792917 2
1731880312696 0.0036150123924016953 3
1731880313550 0.0035005228128284216 4
1731880314395 0.0024363945703953505 5
1731880315138 0.003277114825323224 6
1731880315872 0.003145360155031085 7
1731880316601 0.002464182209223509 8
1731880317652 0.002404088620096445 9
1731880318507 0.001801423029974103 10
1731880319231 0.001964516704902053 11
1731880320128 0.0018856842070817947 12
1731880320973 0.0018904003081843257 13
1731880321731 0.0016339569119736552 14
1731880322475 0.0024570811074227095 15
1731880323195 0.0016899526817724109 16
1731880324059 0.0015318283112719655 17
1731880325096 0.0015026639448478818 18
1731880325815 0.0015250963624566793 19
1731880326572 0.0025914818979799747 20
1731880327313 0.0034137594047933817 21
1731880328056 0.0015475419349968433 22
1731880328899 0.001370603102259338 23
1731880329653 0.0017512203194200993 24
1731880330379 0.001400328823365271 25
1731880331066 0.0012942822650074959 26
1731880331840 0.0014584701275452971 27
1731880332575 0.001454272074624896 28
1731880333294 0.0015171719714999199 29
1731880334026 0.0017867032438516617 30
1731880334767 0.0012496707495301962 31
1731880335728 0.0016644481802359223 32
1731880336511 0.0014161297585815191 33
1731880337235 0.001626639044843614 34
1731880338100 0.001338211353868246 35
1731880338929 0.0014895619824528694 36
1731880339660 0.0013453623978421092 37
1731880340385 0.001162228756584227 38
1731880341133 0.0015237706247717142 39
1731880341942 0.001294942805543542 40
1731880342677 0.00135504559148103 41
1731880343426 0.0010930286953225732 42
1731880344165 0.0011331697460263968 43
1731880345185 0.0009844654705375433 44
1731880345934 0.001532267895527184 45
1731880346693 0.0012770930770784616 46
1731880347426 0.0013326626503840089 47
1731880348189 0.0013674205401912332 48
1731880348917 0.0013630440225824714 49
