1731890989470 0.02947419136762619 0
1731890990859 0.003377435263246298 1
1731890992424 0.002161192474886775 2
1731890993769 0.003094406332820654 3
1731890995170 0.0022690605837851763 4
1731890996525 0.0016745467437431216 5
1731890997776 0.0014745217049494386 6
1731890999238 0.001535573392175138 7
1731891000609 0.0015105727361515164 8
1731891001887 0.0012602652423083782 9
1731891003454 0.0013229515170678496 10
1731891004719 0.001314172986894846 11
1731891006001 0.0012412224896252155 12
1731891007277 0.001463002641685307 13
1731891008671 0.0012655650498345494 14
1731891009928 0.0012968698283657432 15
1731891011233 0.0013973996974527836 16
1731891012508 0.0013751245569437742 17
1731891013771 0.0011076200753450394 18
1731891015032 0.0011755333980545402 19
1731891016342 0.001544720958918333 20
1731891017868 0.0011013782350346446 21
1731891019148 0.0011356925824657083 22
1731891020384 0.0011016326025128365 23
1731891021708 0.001031513325870037 24
1731891023022 0.0010304540628567338 25
1731891024319 0.0010136417113244534 26
1731891025590 0.0011633780086413026 27
1731891027037 0.0010324912145733833 28
1731891028345 0.0011074409121647477 29
1731891029916 0.0009378628456033766 30
1731891031229 0.0010831246618181467 31
1731891032487 0.0009553685085847974 32
1731891033821 0.002088333945721388 33
1731891035161 0.0010721086291596293 34
1731891036424 0.0011473215417936444 35
1731891037685 0.0012373318895697594 36
1731891039030 0.0008923575514927506 37
1731891040396 0.0009892923990264535 38
1731891041689 0.0010127110872417688 39
1731891042952 0.0011113235959783196 40
1731891044397 0.0010529356077313423 41
1731891045864 0.0009290788439102471 42
1731891047163 0.0009807571768760681 43
1731891048440 0.0009260254446417093 44
1731891049700 0.0010250103659927845 45
1731891051172 0.0010585300624370575 46
1731891052419 0.0010805635247379541 47
1731891053758 0.0009732393082231283 48
1731891055036 0.0009231966687366366 49
