1731852281599 0.12998859584331512 0
1731852282205 0.08830195665359497 1
1731852282833 0.07986517250537872 2
1731852283449 0.0722607746720314 3
1731852284059 0.06579553335905075 4
1731852284652 0.0636921301484108 5
1731852285335 0.05992409586906433 6
1731852286020 0.0575396902859211 7
1731852286773 0.05570955574512482 8
1731852287408 0.0540890246629715 9
1731852288019 0.05301420018076897 10
1731852288607 0.05197196826338768 11
1731852289216 0.05108072981238365 12
1731852289841 0.05044133961200714 13
1731852290345 0.049673713743686676 14
1731852290957 0.048958633095026016 15
1731852291600 0.04824419692158699 16
1731852292469 0.047560419887304306 17
1731852293013 0.04693470522761345 18
1731852293608 0.0462656207382679 19
1731852294130 0.045667923986911774 20
1731852294753 0.04506206884980202 21
1731852295358 0.044447217136621475 22
1731852295980 0.0438518188893795 23
1731852296711 0.043263573199510574 24
1731852297373 0.042657386511564255 25
1731852297984 0.04210633412003517 26
1731852298489 0.04154276102781296 27
1731852299012 0.04094792902469635 28
1731852299531 0.04048062488436699 29
1731852300307 0.03993469849228859 30
1731852300924 0.03936506062746048 31
1731852301550 0.03887401148676872 32
1731852302163 0.03833351656794548 33
1731852302774 0.03785697743296623 34
1731852303302 0.03727385774254799 35
1731852303940 0.03688386455178261 36
1731852304450 0.03636283054947853 37
1731852305124 0.03590754419565201 38
1731852305629 0.035402655601501465 39
1731852306461 0.034950386732816696 40
1731852307052 0.03445199504494667 41
1731852307585 0.034040533006191254 42
1731852308190 0.03360099345445633 43
1731852308829 0.03310594707727432 44
1731852309398 0.03271384909749031 45
1731852310085 0.032250840216875076 46
1731852310782 0.03186433017253876 47
1731852311412 0.031404800713062286 48
1731852311942 0.03103247657418251 49
