1731880725875 0.03251829370856285 0
1731880726229 0.01415996439754963 1
1731880726570 0.00841643288731575 2
1731880727003 0.006528640165925026 3
1731880727388 0.005728669930249453 4
1731880727744 0.004864006768912077 5
1731880728080 0.004243351519107819 6
1731880728294 0.003894910914823413 7
1731880728594 0.003488310845568776 8
1731880728830 0.003715574974194169 9
1731880729060 0.0034912831615656614 10
1731880729285 0.003249649191275239 11
1731880729510 0.002826018026098609 12
1731880729765 0.003086139215156436 13
1731880729991 0.0030449533369392157 14
1731880730220 0.0027195150032639503 15
1731880730734 0.002621032763272524 16
1731880730963 0.0025159313809126616 17
1731880731300 0.0027928275521844625 18
1731880731638 0.0025886360090225935 19
1731880731890 0.002521384507417679 20
1731880732131 0.0023182020522654057 21
1731880732356 0.0025350337382405996 22
1731880732580 0.0025331517681479454 23
1731880732805 0.002178344875574112 24
1731880733028 0.0025563526432961226 25
1731880733252 0.002413369482383132 26
1731880733473 0.0021494789980351925 27
1731880733700 0.0021263398230075836 28
1731880734036 0.0021026202011853456 29
1731880734291 0.0020932939369231462 30
1731880734529 0.002244510455057025 31
1731880734757 0.002002846682444215 32
1731880734986 0.0019140224903821945 33
1731880735213 0.002108477521687746 34
1731880735440 0.002037876285612583 35
1731880735673 0.0018752474570646882 36
1731880735900 0.0019674464128911495 37
1731880736124 0.0019352138042449951 38
1731880736350 0.0017484752461314201 39
1731880736605 0.001995556987822056 40
1731880736835 0.0017439627554267645 41
1731880737057 0.0018900827271863818 42
1731880737282 0.0018523153848946095 43
1731880737506 0.0019245195435360074 44
1731880737739 0.001747904228977859 45
1731880737962 0.0017941734986379743 46
1731880738191 0.0019984678365290165 47
1731880738416 0.0016563070239499211 48
1731880738642 0.0021244725212454796 49
