1731893361697 0.04334566369652748 0
1731893362317 0.00659182108938694 1
1731893362854 0.005875596776604652 2
1731893363454 0.004429737571626902 3
1731893364061 0.004517312161624432 4
1731893364563 0.0033853526692837477 5
1731893365095 0.003736319253221154 6
1731893365598 0.0030782297253608704 7
1731893366099 0.0031068315729498863 8
1731893366709 0.0026064529083669186 9
1731893367228 0.002434653230011463 10
1731893367750 0.002335331169888377 11
1731893368247 0.002697136951610446 12
1731893368750 0.0022966412361711264 13
1731893369349 0.0029441851656883955 14
1731893370124 0.0022317010443657637 15
1731893370638 0.0021640195045620203 16
1731893371147 0.002176972571760416 17
1731893371650 0.002304848050698638 18
1731893372257 0.0018412016797810793 19
1731893372815 0.0019787861965596676 20
1731893373385 0.002197104273363948 21
1731893373962 0.0018223320366814733 22
1731893374492 0.0015069579239934683 23
1731893375107 0.001998281804844737 24
1731893375610 0.002023849403485656 25
1731893376105 0.0016717619728296995 26
1731893376609 0.0021083822939544916 27
1731893377131 0.0017254585400223732 28
1731893377642 0.001530596986413002 29
1731893378143 0.002018371596932411 30
1731893378660 0.0017785242525860667 31
1731893379179 0.0015981586184352636 32
1731893379685 0.0017296259757131338 33
1731893380417 0.0017163791926577687 34
1731893381024 0.0016319488640874624 35
1731893381550 0.0019113332964479923 36
1731893382235 0.0018841936253011227 37
1731893382804 0.001531827263534069 38
1731893383368 0.0018149558454751968 39
1731893383933 0.0020061125978827477 40
1731893384491 0.0015632710419595242 41
1731893385154 0.0018794157076627016 42
1731893385700 0.0015249957796186209 43
1731893386267 0.0014745367225259542 44
1731893386811 0.0015446246834471822 45
1731893387344 0.0017188547644764185 46
1731893387987 0.0014040410751476884 47
1731893388568 0.001540939905680716 48
1731893389073 0.00163172313477844 49
