1731881612670 0.04794977977871895 0
1731881613485 0.008259708061814308 1
1731881614114 0.007986888289451599 2
1731881614935 0.002835498657077551 3
1731881615546 0.002266127383336425 4
1731881616214 0.0025304164737462997 5
1731881616834 0.0021276387851685286 6
1731881617405 0.0019726890604943037 7
1731881617972 0.001707577845081687 8
1731881618705 0.001785903237760067 9
1731881619284 0.001801812439225614 10
1731881619852 0.0018134631682187319 11
1731881620760 0.0016919559566304088 12
1731881621409 0.0015732406172901392 13
1731881622121 0.002002629917114973 14
1731881622873 0.002393128117546439 15
1731881623520 0.0015714967157691717 16
1731881624106 0.001695666229352355 17
1731881624663 0.0016441630432382226 18
1731881625229 0.001615862245671451 19
1731881626278 0.0014358694897964597 20
1731881626851 0.002489133272320032 21
1731881627433 0.0015424605226144195 22
1731881628006 0.0017066634027287364 23
1731881628599 0.001512513728812337 24
1731881629167 0.0017042156541720033 25
1731881629734 0.002163161523640156 26
1731881630306 0.0022504334338009357 27
1731881630881 0.0013830617535859346 28
1731881631538 0.0027676515746861696 29
1731881632269 0.0014200672740116715 30
1731881632840 0.0014808422420173883 31
1731881633433 0.0015822432469576597 32
1731881634004 0.0016279487172141671 33
1731881634727 0.0013057517353445292 34
1731881635461 0.0012824414297938347 35
1731881636052 0.0012765225255861878 36
1731881636664 0.0012752145994454622 37
1731881637239 0.001172561664134264 38
1731881638005 0.0014528020983561873 39
1731881638731 0.0020546214655041695 40
1731881639465 0.0013367170467972755 41
1731881640047 0.0012006964534521103 42
1731881640645 0.002273889724165201 43
1731881641397 0.0012232745066285133 44
1731881642131 0.0010753420647233725 45
1731881642732 0.0012387337628751993 46
1731881643304 0.0011172918602824211 47
1731881643880 0.0013178909430280328 48
1731881644598 0.0011942809214815497 49
