1731877397441 0.01464739628136158 0
1731877399603 0.005055861081928015 1
1731877401644 0.0039486996829509735 2
1731877403790 0.0034800413995981216 3
1731877405856 0.002809158992022276 4
1731877408179 0.003736908780410886 5
1731877410320 0.0021782692056149244 6
1731877412375 0.0018154617864638567 7
1731877414467 0.0023436080664396286 8
1731877416533 0.0019977872725576162 9
1731877418567 0.0017583562294021249 10
1731877420803 0.001674872008152306 11
1731877422864 0.0015494816470891237 12
1731877424880 0.001654124353080988 13
1731877426883 0.0016454599099233747 14
1731877429030 0.0014486757572740316 15
1731877431114 0.0014860230730846524 16
1731877433198 0.001275670831091702 17
1731877435412 0.0014954169746488333 18
1731877437478 0.0015131185064092278 19
1731877439636 0.0014452461618930101 20
1731877441668 0.001306858379393816 21
1731877443718 0.0014594505773857236 22
1731877445730 0.0013834985438734293 23
1731877447976 0.001226973719894886 24
1731877450024 0.0012696566991508007 25
1731877452219 0.0015847160248085856 26
1731877454267 0.0010687693720683455 27
1731877456319 0.0013253623619675636 28
1731877458380 0.001313738408498466 29
1731877460599 0.0017671670066192746 30
1731877462663 0.0012160403421148658 31
1731877464698 0.0010981643572449684 32
1731877466887 0.0012323575792834163 33
1731877468941 0.001053977757692337 34
1731877470995 0.0012515384005382657 35
1731877473108 0.0010364264016970992 36
1731877475367 0.001318155089393258 37
1731877477434 0.0011351130669936538 38
1731877479598 0.0010560574010014534 39
1731877481639 0.0011340912897139788 40
1731877483819 0.0011559370905160904 41
1731877485864 0.0010748717468231916 42
1731877488111 0.0009262310341000557 43
1731877490163 0.001051632920280099 44
1731877492234 0.0010289179626852274 45
1731877494278 0.0012282911920920014 46
1731877496327 0.001190504408441484 47
1731877498392 0.001827665721066296 48
1731877500699 0.0010224349098280072 49
