1731878952735 0.16723330318927765 0
1731878953221 0.16578435897827148 1
1731878953751 0.03290100023150444 2
1731878954256 0.009338249452412128 3
1731878954682 0.011578047648072243 4
1731878955133 0.002432740991935134 5
1731878955516 0.0021893298253417015 6
1731878955927 0.0019412027904763818 7
1731878956313 0.0018344692653045058 8
1731878956700 0.0016812498215585947 9
1731878957088 0.0016589045990258455 10
1731878957476 0.00155088200699538 11
1731878957860 0.0015730103477835655 12
1731878958268 0.0017311316914856434 13
1731878958664 0.001515583717264235 14
1731878959048 0.0014268155209720135 15
1731878959434 0.0013767119962722063 16
1731878959925 0.0014638047432526946 17
1731878960332 0.0015550525858998299 18
1731878960728 0.0014409020077437162 19
1731878961117 0.0013838529121130705 20
1731878961505 0.0014509325847029686 21
1731878962022 0.001437413040548563 22
1731878962413 0.0015426179161295295 23
1731878962830 0.0015042673330754042 24
1731878963216 0.0013930584536865354 25
1731878963716 0.0012999649625271559 26
1731878964112 0.0014593929518014193 27
1731878964615 0.0012777684023603797 28
1731878965039 0.0014449064619839191 29
1731878965429 0.0016593630425632 30
1731878965817 0.0012178400065749884 31
1731878966207 0.001163655542768538 32
1731878966597 0.0020614732056856155 33
1731878966988 0.0012642024084925652 34
1731878967508 0.0013385938946157694 35
1731878968000 0.001351016340777278 36
1731878968387 0.0014837579801678658 37
1731878968747 0.0011900743702426553 38
1731878969131 0.0012700707884505391 39
1731878969803 0.001274320762604475 40
1731878970194 0.0012495554983615875 41
1731878970580 0.0010825427016243339 42
1731878970966 0.0019819876179099083 43
1731878971456 0.0011477050138637424 44
1731878971851 0.0014829984866082668 45
1731878972263 0.0010855491273105145 46
1731878972703 0.0012689984869211912 47
1731878973147 0.0012407625326886773 48
1731878973590 0.0010337013518437743 49
