1731879408060 0.021345235407352448 0
1731879408567 0.005264678504317999 1
1731879408890 0.003653037827461958 2
1731879409115 0.0031546454411000013 3
1731879409342 0.0028242659755051136 4
1731879409576 0.002547729294747114 5
1731879409804 0.0025800608564168215 6
1731879410147 0.002469915896654129 7
1731879410375 0.0020093494094908237 8
1731879410623 0.002191747073084116 9
1731879410858 0.0018944820621982217 10
1731879411193 0.0022241573315113783 11
1731879411422 0.002153929555788636 12
1731879411647 0.0018996597500517964 13
1731879411876 0.0019960778299719095 14
1731879412217 0.0021618877071887255 15
1731879412438 0.0018079695291817188 16
1731879412665 0.0017746587982401252 17
1731879413024 0.0015629369299858809 18
1731879413255 0.0016656671650707722 19
1731879413599 0.001714201527647674 20
1731879413826 0.00160669453907758 21
1731879414056 0.0017377248732373118 22
1731879414283 0.0019305618479847908 23
1731879414513 0.0015990970423445106 24
1731879414741 0.0017026831628754735 25
1731879414971 0.0016871124971657991 26
1731879415482 0.001653966959565878 27
1731879415736 0.0017096151132136583 28
1731879415963 0.0014226314378902316 29
1731879416189 0.0016862768679857254 30
1731879416414 0.0017896221252158284 31
1731879416637 0.0015805887524038553 32
1731879416862 0.0017289374954998493 33
1731879417088 0.001546338782645762 34
1731879417312 0.0017308321548625827 35
1731879417539 0.0014148583868518472 36
1731879417795 0.0015979493036866188 37
1731879418023 0.0016643988201394677 38
1731879418249 0.0013408701634034514 39
1731879418474 0.0019717563409358263 40
1731879418704 0.001181598287075758 41
1731879418929 0.0018240386852994561 42
1731879419159 0.0016358897555619478 43
1731879419385 0.0014546256279572845 44
1731879419619 0.0015048799104988575 45
1731879419992 0.001698080450296402 46
1731879420230 0.0016256357776001096 47
1731879420454 0.0016121369553729892 48
1731879420686 0.0013969647698104382 49
