1731858395892 0.1627206802368164 0
1731858396479 0.06496155261993408 1
1731858397077 0.036357391625642776 2
1731858397651 0.020177742466330528 3
1731858398234 0.01288940291851759 4
1731858398807 0.024103311821818352 5
1731858399408 0.016242200508713722 6
1731858399892 0.010310505516827106 7
1731858400617 0.008772511035203934 8
1731858401109 0.006933305412530899 9
1731858401621 0.006683066487312317 10
1731858402193 0.006766125559806824 11
1731858402682 0.005651106592267752 12
1731858403250 0.006681610364466906 13
1731858403753 0.006115900352597237 14
1731858404243 0.00722213089466095 15
1731858404727 0.0063245464116334915 16
1731858405213 0.016836225986480713 17
1731858405698 0.009515184909105301 18
1731858406203 0.006693033967167139 19
1731858406687 0.0050354921258986 20
1731858407167 0.004640866536647081 21
1731858407642 0.004281756468117237 22
1731858408133 0.013071798719465733 23
1731858408631 0.011904478073120117 24
1731858409117 0.004886791575700045 25
1731858409630 0.004978305194526911 26
1731858410134 0.0049521042965352535 27
1731858410632 0.0042986441403627396 28
1731858411118 0.004429985769093037 29
1731858411821 0.0040267170406877995 30
1731858412419 0.004215153865516186 31
1731858412935 0.0037184651009738445 32
1731858413423 0.003707400755956769 33
1731858413905 0.003846526611596346 34
1731858414382 0.003843573620542884 35
1731858414861 0.003687478369101882 36
1731858415363 0.0036087315529584885 37
1731858415845 0.0033742247615009546 38
1731858416319 0.002735699526965618 39
1731858416889 0.004592640791088343 40
1731858417432 0.003497371217235923 41
1731858417912 0.0033865408040583134 42
1731858418392 0.0049928524531424046 43
1731858418865 0.004656164441257715 44
1731858419349 0.005286422558128834 45
1731858419851 0.006495913490653038 46
1731858420343 0.007853783667087555 47
1731858420824 0.0073832860216498375 48
1731858421308 0.004197242204099894 49
