1731891973575 0.021302727982401848 0
1731891975349 0.007325773127377033 1
1731891976969 0.005720573011785746 2
1731891978899 0.0046075815334916115 3
1731891980642 0.002987482352182269 4
1731891982267 0.0036167241632938385 5
1731891983935 0.0024552340619266033 6
1731891985680 0.0026617185212671757 7
1731891987371 0.002725827507674694 8
1731891988975 0.001888733240775764 9
1731891990624 0.0024487641640007496 10
1731891992488 0.001814114861190319 11
1731891994329 0.0018366780132055283 12
1731891995981 0.0018239987548440695 13
1731891997656 0.002209822880104184 14
1731891999289 0.0022673059720546007 15
1731892000933 0.0018755958881229162 16
1731892002636 0.0022894488647580147 17
1731892004277 0.002094899769872427 18
1731892005913 0.002067309571430087 19
1731892007953 0.002055328106507659 20
1731892009859 0.0016186594730243087 21
1731892011513 0.001674183993600309 22
1731892013145 0.00147334230132401 23
1731892014908 0.0016473610885441303 24
1731892016554 0.0018211390124633908 25
1731892018184 0.0016026512021198869 26
1731892019834 0.0016071093268692493 27
1731892021491 0.0014994713710621 28
1731892023157 0.0016949443379417062 29
1731892024975 0.0015424599405378103 30
1731892026640 0.001691883197054267 31
1731892028295 0.0016506081447005272 32
1731892029949 0.0016016731970012188 33
1731892031735 0.0014265751233324409 34
1731892033417 0.0014301821356639266 35
1731892035062 0.001496096607297659 36
1731892036713 0.0015569942770525813 37
1731892038591 0.001492100302129984 38
1731892040222 0.0015233004232868552 39
1731892041987 0.00137986708432436 40
1731892043682 0.0015651152934879065 41
1731892045306 0.0015479754656553268 42
1731892046974 0.0014636372216045856 43
1731892048672 0.001182297128252685 44
1731892050303 0.0016992740565910935 45
1731892051953 0.0013137136120349169 46
1731892053922 0.0013673864305019379 47
1731892055622 0.0014473210321739316 48
1731892057357 0.0013141176896169782 49
