1731893243891 0.02960364520549774 0
1731893245107 0.006096216384321451 1
1731893246350 0.007248571142554283 2
1731893247462 0.005260260310024023 3
1731893248569 0.0035963980481028557 4
1731893249657 0.004471973516047001 5
1731893250783 0.0028410989325493574 6
1731893251992 0.0034161643125116825 7
1731893253138 0.004415932577103376 8
1731893254271 0.0020837653428316116 9
1731893255773 0.004651985131204128 10
1731893256886 0.002852013800293207 11
1731893258004 0.0021168028470128775 12
1731893259106 0.0029326509684324265 13
1731893260203 0.0026604940649122 14
1731893261406 0.0023400650825351477 15
1731893262557 0.003210511291399598 16
1731893263657 0.0026674575638026 17
1731893264754 0.002660482656210661 18
1731893265991 0.001977576408535242 19
1731893267139 0.0023779452312737703 20
1731893268394 0.001847991836257279 21
1731893269515 0.0016587930731475353 22
1731893270601 0.0032565381843596697 23
1731893271696 0.001261920784600079 24
1731893272834 0.0019728858023881912 25
1731893273936 0.001816079718992114 26
1731893275063 0.002846573479473591 27
1731893276149 0.0017092983471229672 28
1731893277420 0.0023772285785526037 29
1731893278514 0.001520434278063476 30
1731893279638 0.0019836616702377796 31
1731893280731 0.0019354807445779443 32
1731893282059 0.0019674301147460938 33
1731893283162 0.0017780298367142677 34
1731893284269 0.0017702665645629168 35
1731893285359 0.002122092293575406 36
1731893286461 0.0015277261845767498 37
1731893287533 0.0020468090660870075 38
1731893288624 0.0016832146793603897 39
1731893289743 0.0017589196795597672 40
1731893290848 0.001691858982667327 41
1731893292419 0.001614359556697309 42
1731893293510 0.002032436663284898 43
1731893294629 0.0012976329308003187 44
1731893295888 0.0019394581904634833 45
1731893297000 0.0017282512271776795 46
1731893298119 0.002082362538203597 47
1731893299251 0.0016608086880296469 48
1731893300337 0.001507342210970819 49
