1731859212337 0.08090724796056747 0
1731859212923 0.007903624325990677 1
1731859213513 0.006573907565325499 2
1731859214009 0.00537827517837286 3
1731859214486 0.0037451304960995913 4
1731859214963 0.0031616955529898405 5
1731859215538 0.0030023655854165554 6
1731859216135 0.002320747822523117 7
1731859216600 0.0018968944204971194 8
1731859217158 0.002123363083228469 9
1731859217640 0.0017777261091396213 10
1731859218117 0.0032023852691054344 11
1731859218617 0.0026801179628819227 12
1731859219101 0.002543084556236863 13
1731859219577 0.002102628815919161 14
1731859220052 0.0020622359588742256 15
1731859220547 0.0018946008058264852 16
1731859221044 0.00188101502135396 17
1731859221827 0.0020424083340913057 18
1731859222342 0.001799474935978651 19
1731859222897 0.0018886631587520242 20
1731859223386 0.001678719650954008 21
1731859223866 0.0015363104175776243 22
1731859224346 0.0015703048557043076 23
1731859224828 0.0015548857627436519 24
1731859225426 0.0015057333512231708 25
1731859225910 0.0013674284564331174 26
1731859226504 0.0029575852677226067 27
1731859226983 0.002059179823845625 28
1731859227581 0.0014571653446182609 29
1731859228070 0.0014490238390862942 30
1731859228550 0.0016679269028827548 31
1731859229031 0.0025993059389293194 32
1731859229513 0.0031306776218116283 33
1731859230014 0.001612833933904767 34
1731859230494 0.0014056931249797344 35
1731859230975 0.001417164341546595 36
1731859231460 0.0016357999993488193 37
1731859231963 0.002139216987416148 38
1731859232447 0.0013820022577419877 39
1731859233071 0.0016345520270988345 40
1731859233751 0.0014505070867016912 41
1731859234348 0.0012476101983338594 42
1731859234828 0.0012238887138664722 43
1731859235393 0.0012462693266570568 44
1731859235873 0.0014078252715989947 45
1731859236356 0.0013808741932734847 46
1731859236857 0.0013035143492743373 47
1731859237336 0.0016012309351935983 48
1731859237815 0.001485839718952775 49
