1731880080091 0.05616997182369232 0
1731880080516 0.014947621151804924 1
1731880080929 0.0056175654754042625 2
1731880081339 0.004051875788718462 3
1731880081614 0.0038695000112056732 4
1731880081893 0.0032626378815621138 5
1731880082170 0.0031275188084691763 6
1731880082558 0.00302700512111187 7
1731880082862 0.0028543276712298393 8
1731880083270 0.0026509063318371773 9
1731880083809 0.00294652977026999 10
1731880084214 0.0026174993254244328 11
1731880084495 0.0024453767109662294 12
1731880084767 0.0024775660131126642 13
1731880085067 0.002797897206619382 14
1731880085353 0.0023252482060343027 15
1731880085748 0.002046610927209258 16
1731880086155 0.002467386657372117 17
1731880086436 0.002328859642148018 18
1731880086716 0.0025067476090043783 19
1731880086993 0.0027526356279850006 20
1731880087414 0.0018619333859533072 21
1731880087697 0.00201871688477695 22
1731880088101 0.002033313736319542 23
1731880088388 0.0019789182115346193 24
1731880088681 0.001979092601686716 25
1731880088970 0.0019742450676858425 26
1731880089250 0.0027632550336420536 27
1731880089533 0.0018627174431458116 28
1731880089835 0.0016488106921315193 29
1731880090113 0.0017233641119673848 30
1731880090388 0.0016892447602003813 31
1731880090666 0.0016692266799509525 32
1731880090966 0.0016793726244941354 33
1731880091250 0.0016120525542646646 34
1731880091811 0.0016240341356024146 35
1731880092121 0.0015996316215023398 36
1731880092410 0.0016612365143373609 37
1731880092693 0.0018174083670601249 38
1731880092972 0.0014736131997779012 39
1731880093373 0.0014730948023498058 40
1731880093665 0.001737748272716999 41
1731880093955 0.001438560546375811 42
1731880094258 0.0014646844938397408 43
1731880094539 0.0015361483674496412 44
1731880094820 0.0013804102782160044 45
1731880095100 0.0012898060958832502 46
1731880095379 0.0013214224018156528 47
1731880095658 0.00146945146843791 48
1731880095942 0.001440079533495009 49
