1731861607126 0.44757431745529175 0
1731861607793 0.18098634481430054 1
1731861608472 0.0770777091383934 2
1731861609154 0.040964290499687195 3
1731861609884 0.02333422750234604 4
1731861610710 0.016330977901816368 5
1731861611263 0.013639108277857304 6
1731861611798 0.014791804365813732 7
1731861612446 0.011934027075767517 8
1731861612982 0.010517574846744537 9
1731861613544 0.018910689279437065 10
1731861614081 0.011652927845716476 11
1731861614732 0.00877904612571001 12
1731861615270 0.017315415665507317 13
1731861615828 0.012542611919343472 14
1731861616369 0.008178754709661007 15
1731861616904 0.00695007061585784 16
1731861617561 0.006547765340656042 17
1731861618117 0.007665189914405346 18
1731861618902 0.009454276412725449 19
1731861619577 0.012632153928279877 20
1731861620127 0.015748046338558197 21
1731861620666 0.006432528607547283 22
1731861621202 0.005801497492939234 23
1731861621743 0.00643215561285615 24
1731861622293 0.005583225283771753 25
1731861622956 0.008624205365777016 26
1731861623503 0.022693272680044174 27
1731861624040 0.007368647959083319 28
1731861624596 0.00617773225530982 29
1731861625135 0.006266586948186159 30
1731861625678 0.006331901531666517 31
1731861626208 0.006165224593132734 32
1731861626746 0.007549473084509373 33
1731861627303 0.005972998682409525 34
1731861627840 0.004935741424560547 35
1731861628377 0.004446820821613073 36
1731861629234 0.005895006470382214 37
1731861629745 0.005469277035444975 38
1731861630407 0.004393425304442644 39
1731861630942 0.005769842769950628 40
1731861631501 0.005263879895210266 41
1731861632038 0.004489623475819826 42
1731861632572 0.0069953701458871365 43
1731861633105 0.0063799903728067875 44
1731861633664 0.005533298943191767 45
1731861634193 0.006808807607740164 46
1731861634727 0.004434254486113787 47
1731861635264 0.004199422430247068 48
1731861635943 0.005841344129294157 49
