1731882319598 0.02638411894440651 0
1731882320796 0.006246005650609732 1
1731882322035 0.005511598661541939 2
1731882323076 0.005090377759188414 3
1731882324111 0.0035815078299492598 4
1731882325315 0.016022607684135437 5
1731882326369 0.0018230814021080732 6
1731882327848 0.002302795648574829 7
1731882328934 0.003001167206093669 8
1731882329985 0.007042679935693741 9
1731882331209 0.0017775373999029398 10
1731882332248 0.003077845321968198 11
1731882333402 0.0032069699373096228 12
1731882334522 0.0036202576011419296 13
1731882335886 0.0027660822961479425 14
1731882337006 0.0032885444816201925 15
1731882338186 0.0027282030787318945 16
1731882339287 0.0027660836931318045 17
1731882340333 0.0031329067423939705 18
1731882341381 0.0017870269948616624 19
1731882342487 0.0033252579160034657 20
1731882343900 0.0016840335447341204 21
1731882344947 0.004646072629839182 22
1731882346013 0.0017411810113117099 23
1731882347039 0.0028064206708222628 24
1731882348138 0.0023775261361151934 25
1731882349330 0.001857530907727778 26
1731882350389 0.003577670780941844 27
1731882351495 0.0012918806169182062 28
1731882352559 0.0019914093427360058 29
1731882353634 0.0018443851731717587 30
1731882354681 0.0023059321101754904 31
1731882355735 0.0019339177524670959 32
1731882356771 0.0025858960580080748 33
1731882357869 0.002175926463678479 34
1731882358914 0.0015580926556140184 35
1731882359991 0.0014207608764991164 36
1731882361196 0.005671355407685041 37
1731882362217 0.0014619020512327552 38
1731882363301 0.0016274888766929507 39
1731882364380 0.0019988627173006535 40
1731882365589 0.001497689401730895 41
1731882366655 0.001646556076593697 42
1731882367694 0.0020965260919183493 43
1731882368779 0.0017908950103446841 44
1731882369834 0.0018544101621955633 45
1731882370871 0.0016732757212594151 46
1731882371950 0.0019507770193740726 47
1731882373022 0.001545317587442696 48
1731882374462 0.0015572436386719346 49
