1731881154587 0.07897666096687317 0
1731881155242 0.022076167166233063 1
1731881155896 0.012350466102361679 2
1731881156524 0.007678687572479248 3
1731881157155 0.005063176620751619 4
1731881157769 0.005472686141729355 5
1731881158284 0.005791444331407547 6
1731881158793 0.00459955632686615 7
1731881159311 0.00461058272048831 8
1731881159849 0.003725039307028055 9
1731881160371 0.004643715918064117 10
1731881160878 0.003264453262090683 11
1731881161675 0.004391901195049286 12
1731881162211 0.003751549404114485 13
1731881162714 0.00328288646414876 14
1731881163341 0.003677048720419407 15
1731881163971 0.003035586094483733 16
1731881164510 0.003431039396673441 17
1731881165021 0.002693177666515112 18
1731881165537 0.0027516603004187346 19
1731881166065 0.00309651717543602 20
1731881166596 0.0030862377025187016 21
1731881167117 0.0026444769464433193 22
1731881167624 0.00217453227378428 23
1731881168135 0.0021395599469542503 24
1731881168961 0.0024063284508883953 25
1731881169478 0.0023960371036082506 26
1731881170116 0.002430112101137638 27
1731881170633 0.0023004021495580673 28
1731881171313 0.001989184645935893 29
1731881171828 0.002584984991699457 30
1731881172470 0.0022776094265282154 31
1731881172979 0.0021978740114718676 32
1731881173517 0.002253011567518115 33
1731881174039 0.0023903304245322943 34
1731881174553 0.0019725956954061985 35
1731881175060 0.002120096003636718 36
1731881175577 0.0018170698313042521 37
1731881176381 0.002148697152733803 38
1731881176888 0.002072426490485668 39
1731881177404 0.0024445659946650267 40
1731881177917 0.002311733551323414 41
1731881178453 0.0021948516368865967 42
1731881179081 0.0016414233250543475 43
1731881179720 0.001529047847725451 44
1731881180241 0.0020099550019949675 45
1731881180777 0.0018856627866625786 46
1731881181317 0.0022412268444895744 47
1731881181830 0.0014549430925399065 48
1731881182342 0.0018680276116356254 49
