1731892659246 0.05286744609475136 0
1731892660177 0.024339448660612106 1
1731892661007 0.007329485844820738 2
1731892661828 0.003118139458820224 3
1731892662760 0.003668098943307996 4
1731892663607 0.0019748671911656857 5
1731892664418 0.0021054644603282213 6
1731892665422 0.0019186553545296192 7
1731892666360 0.001873596920631826 8
1731892667320 0.002006963826715946 9
1731892668160 0.002030526753515005 10
1731892668986 0.002036978490650654 11
1731892669810 0.00165411620400846 12
1731892670655 0.0016825448255985975 13
1731892671482 0.0017487492877990007 14
1731892672300 0.0015432010404765606 15
1731892673236 0.0016735484823584557 16
1731892674060 0.001685760566033423 17
1731892674897 0.00158240448217839 18
1731892675821 0.001566025079227984 19
1731892676649 0.001544865546748042 20
1731892677624 0.0015149276005104184 21
1731892678445 0.001579134026542306 22
1731892679306 0.0014714014250785112 23
1731892680133 0.0014679193263873458 24
1731892680955 0.001825197832658887 25
1731892681798 0.001955005107447505 26
1731892682624 0.0015333298360928893 27
1731892683443 0.0013228344032540917 28
1731892684276 0.0013869800604879856 29
1731892685201 0.001311620231717825 30
1731892686045 0.0017099977703765035 31
1731892687005 0.001286041340790689 32
1731892687823 0.00131755240727216 33
1731892688663 0.0013536938931792974 34
1731892689489 0.001332492451183498 35
1731892690577 0.0013566697016358376 36
1731892691416 0.001208463218063116 37
1731892692239 0.0012922189198434353 38
1731892693024 0.001264075399376452 39
1731892693980 0.0015720627270638943 40
1731892694794 0.0012001030845567584 41
1731892695633 0.00111777160782367 42
1731892696449 0.001146614900790155 43
1731892697270 0.0012890700018033385 44
1731892698107 0.0011623147875070572 45
1731892698938 0.0012097214348614216 46
1731892699878 0.0015399232506752014 47
1731892700724 0.0012979732127860188 48
1731892701548 0.0011749481782317162 49
