1731890805307 0.06268129497766495 0
1731890806010 0.006852850317955017 1
1731890806743 0.005362691357731819 2
1731890807477 0.003101144917309284 3
1731890808114 0.0027305230032652617 4
1731890808652 0.002954999916255474 5
1731890809218 0.0025262271519750357 6
1731890809759 0.0023028291761875153 7
1731890810305 0.002469996688887477 8
1731890810855 0.002090668771415949 9
1731890811469 0.0020893358159810305 10
1731890812090 0.0018931864760816097 11
1731890812700 0.0018484184984117746 12
1731890813376 0.0019600701052695513 13
1731890813985 0.0019186553545296192 14
1731890814654 0.0016360199078917503 15
1731890815261 0.0018221044447273016 16
1731890815816 0.0021861668210476637 17
1731890816381 0.0015452306251972914 18
1731890816965 0.0017437522765249014 19
1731890817520 0.0014144285814836621 20
1731890818156 0.0014512387569993734 21
1731890818730 0.00140130496583879 22
1731890819274 0.0016083869850263 23
1731890819917 0.0014524984871968627 24
1731890820472 0.002189063932746649 25
1731890821079 0.0014795312890782952 26
1731890821624 0.0013965206453576684 27
1731890822165 0.0013468739343807101 28
1731890822712 0.0013392989058047533 29
1731890823285 0.0014030988095328212 30
1731890823823 0.001455196994356811 31
1731890824394 0.001269474159926176 32
1731890824940 0.0011701423209160566 33
1731890825502 0.0011421464150771499 34
1731890826145 0.0011599822901189327 35
1731890826731 0.001273039961233735 36
1731890827268 0.0012744545238092542 37
1731890827820 0.0013932829024270177 38
1731890828361 0.0013555672485381365 39
1731890828905 0.0011471206089481711 40
1731890829448 0.0013362125027924776 41
1731890830013 0.0012559553142637014 42
1731890830669 0.0011792699806392193 43
1731890831209 0.001552498433738947 44
1731890831751 0.001060607610270381 45
1731890832314 0.0012075835838913918 46
1731890832902 0.0010889768600463867 47
1731890833438 0.0009796773083508015 48
1731890833988 0.0011271110270172358 49
