1731872575729 0.045056335628032684 0
1731872577215 0.010672327131032944 1
1731872578614 0.005755741614848375 2
1731872579810 0.0036087254993617535 3
1731872580959 0.004976555239409208 4
1731872582410 0.003090435406193137 5
1731872583709 0.0029491884633898735 6
1731872584991 0.005589271895587444 7
1731872586166 0.0027241299394518137 8
1731872587332 0.0027198384050279856 9
1731872588413 0.002308347960934043 10
1731872589572 0.003211939474567771 11
1731872590746 0.003015035530552268 12
1731872591975 0.0026630100328475237 13
1731872593171 0.0020958802197128534 14
1731872594414 0.0023453321773558855 15
1731872595744 0.003654586849734187 16
1731872596897 0.002656790893524885 17
1731872598301 0.001872704247944057 18
1731872599671 0.002198002766817808 19
1731872600948 0.002035698154941201 20
1731872602180 0.0018190114060416818 21
1731872603367 0.001767568988725543 22
1731872604533 0.001841360586695373 23
1731872605672 0.001808847184292972 24
1731872607012 0.001732494798488915 25
1731872609308 0.0018418781692162156 26
1731872611166 0.0016827724175527692 27
1731872612954 0.0016668821917846799 28
1731872614294 0.0018146854126825929 29
1731872615590 0.0016786142950877547 30
1731872616741 0.0015779640525579453 31
1731872617906 0.0014243960613384843 32
1731872619015 0.0015340803656727076 33
1731872620168 0.0013986853882670403 34
1731872621673 0.0015272920718416572 35
1731872622895 0.0014992565847933292 36
1731872624190 0.0015692348824813962 37
1731872625496 0.001757740043103695 38
1731872626649 0.001624869997613132 39
1731872627983 0.001327847014181316 40
1731872629682 0.0012963083572685719 41
1731872631111 0.0013946559047326446 42
1731872632451 0.0014080172404646873 43
1731872633641 0.001344209536910057 44
1731872634974 0.001532554510049522 45
1731872636198 0.0021745278500020504 46
1731872637653 0.0014187321066856384 47
1731872639090 0.0013584817061200738 48
1731872640463 0.0014837099006399512 49
