1731891402753 0.02047421969473362 0
1731891403649 0.005705798044800758 1
1731891404558 0.004276782739907503 2
1731891405329 0.003988439682871103 3
1731891406186 0.0032282471656799316 4
1731891407330 0.0037717183586210012 5
1731891408304 0.003445990849286318 6
1731891409101 0.002609812654554844 7
1731891409988 0.002856300678104162 8
1731891410759 0.0031369859352707863 9
1731891411566 0.002616414101794362 10
1731891412400 0.0028290399350225925 11
1731891413179 0.002404003171250224 12
1731891413990 0.002140249125659466 13
1731891414781 0.0027238449547439814 14
1731891415556 0.001878538285382092 15
1731891416412 0.0021542564500123262 16
1731891417196 0.0018491982482373714 17
1731891417993 0.00268912804313004 18
1731891418918 0.0025456517469137907 19
1731891419842 0.0021527360659092665 20
1731891420652 0.0019522655056789517 21
1731891421440 0.002200918737798929 22
1731891422272 0.0018726673442870378 23
1731891423087 0.002181544667109847 24
1731891423875 0.0019055206794291735 25
1731891424677 0.0022803309839218855 26
1731891425603 0.001913435640744865 27
1731891426307 0.0016000845935195684 28
1731891427245 0.0019999926444143057 29
1731891428054 0.002162931254133582 30
1731891428835 0.0016345239710062742 31
1731891429672 0.001768574002198875 32
1731891430485 0.00195588287897408 33
1731891431379 0.0017770467093214393 34
1731891432146 0.0015376177616417408 35
1731891432944 0.0016661729896441102 36
1731891433724 0.0016983780078589916 37
1731891434543 0.001450907438993454 38
1731891435330 0.001932521816343069 39
1731891436170 0.0017728625098243356 40
1731891436979 0.001519758254289627 41
1731891437769 0.0017327024834230542 42
1731891438848 0.0016812809044495225 43
1731891439659 0.0014650517841801047 44
1731891440443 0.0016418809536844492 45
1731891441275 0.0012954846024513245 46
1731891442195 0.0014555765083059669 47
1731891442979 0.0015835757367312908 48
1731891443756 0.0015102049801498652 49
