1731851778867 0.029241271317005157 0
1731851779964 0.009087910875678062 1
1731851780652 0.0018667093245312572 2
1731851781435 0.0032652385998517275 3
1731851782107 0.0013594456249848008 4
1731851782625 0.003031504340469837 5
1731851783148 0.005377092864364386 6
1731851783678 0.0028060839977115393 7
1731851784203 0.0017149477498605847 8
1731851784791 0.0009763308917172253 9
1731851785829 0.0008287953096441925 10
1731851786563 0.0008981202263385057 11
1731851787132 0.0011936207301914692 12
1731851787699 0.0009412210783921182 13
1731851788294 0.0028376420959830284 14
1731851788816 0.002839737804606557 15
1731851789491 0.0012101333122700453 16
1731851790147 0.0009507857030257583 17
1731851791079 0.0007970869773998857 18
1731851791771 0.0006920708110556006 19
1731851792408 0.0013817197177559137 20
1731851793127 0.000873969285748899 21
1731851793710 0.0011505783768370748 22
1731851794256 0.0016239653341472149 23
1731851794978 0.000927513639908284 24
1731851795663 0.0007794503471814096 25
1731851796301 0.0009906882187351584 26
1731851796921 0.0009265134576708078 27
1731851797680 0.0007417397573590279 28
1731851798235 0.0007734094397164881 29
1731851798892 0.0007193657220341265 30
1731851799446 0.002406231127679348 31
1731851800154 0.0016042193165048957 32
1731851800866 0.0007999421213753521 33
1731851801812 0.0008781012729741633 34
1731851802390 0.0007071613799780607 35
1731851803095 0.0006348864990286529 36
1731851803781 0.0007213266799226403 37
1731851804483 0.0007357503054663539 38
1731851805249 0.0006600439664907753 39
1731851805895 0.0006014120299369097 40
1731851806467 0.0009158962056972086 41
1731851807156 0.0007512489100918174 42
1731851807832 0.0007314605754800141 43
1731851808614 0.0005984121817164123 44
1731851809166 0.0005885353311896324 45
1731851809817 0.0007045870879665017 46
1731851810344 0.0018401865381747484 47
1731851810889 0.0010904221562668681 48
1731851811569 0.0007250996422953904 49
