1731857894417 0.07720796018838882 0
1731857895347 0.01608250103890896 1
1731857896003 0.034037042409181595 2
1731857896934 0.007612742017954588 3
1731857897725 0.0077702971175313 4
1731857898378 0.004044112749397755 5
1731857899040 0.0031755627132952213 6
1731857899711 0.004081158433109522 7
1731857900349 0.0029519861564040184 8
1731857900914 0.008612029254436493 9
1731857901551 0.0066852932795882225 10
1731857902120 0.0035057144705206156 11
1731857902668 0.0026256865821778774 12
1731857903215 0.002604306675493717 13
1731857903821 0.002550933975726366 14
1731857904511 0.002924863714724779 15
1731857905047 0.0025687061715871096 16
1731857905778 0.002472876338288188 17
1731857906419 0.00231103110127151 18
1731857907128 0.0021668709814548492 19
1731857908007 0.002364985877647996 20
1731857908869 0.0022873058915138245 21
1731857909499 0.0025975555181503296 22
1731857910126 0.002565645845606923 23
1731857910913 0.0028288261964917183 24
1731857911617 0.0021069885697215796 25
1731857912279 0.002705011051148176 26
1731857912902 0.002459151903167367 27
1731857913570 0.0025696896482259035 28
1731857914253 0.0020378287881612778 29
1731857914863 0.0020924913696944714 30
1731857915783 0.0020323474891483784 31
1731857916349 0.0022712459322065115 32
1731857916943 0.002108684740960598 33
1731857917506 0.002391544170677662 34
1731857918072 0.0021776659414172173 35
1731857918683 0.0027805145364254713 36
1731857919296 0.002778231166303158 37
1731857919897 0.0021138645242899656 38
1731857920613 0.0018811123445630074 39
1731857921281 0.0027351423632353544 40
1731857921957 0.003312032436951995 41
1731857922538 0.0021383848506957293 42
1731857923219 0.0018641581991687417 43
1731857924020 0.0021553749684244394 44
1731857924673 0.001973205478861928 45
1731857925358 0.0016876239096745849 46
1731857925961 0.002874301513656974 47
1731857926529 0.007358368951827288 48
1731857927109 0.006828480400145054 49
