1731853028597 0.1672181934118271 0
1731853029356 0.16721822321414948 1
1731853029899 0.1672181934118271 2
1731853030489 0.1672181934118271 3
1731853030981 0.1672181934118271 4
1731853031489 0.1672181934118271 5
1731853031973 0.1672181934118271 6
1731853032471 0.16721820831298828 7
1731853032989 0.16721820831298828 8
1731853033489 0.16721822321414948 9
1731853033970 0.16721822321414948 10
1731853034467 0.1672181785106659 11
1731853034974 0.16721820831298828 12
1731853035478 0.1672181934118271 13
1731853035976 0.16721820831298828 14
1731853036489 0.1672181636095047 15
1731853036982 0.1672181785106659 16
1731853037513 0.1672181934118271 17
1731853037999 0.1672181785106659 18
1731853038498 0.16721820831298828 19
1731853038992 0.16721820831298828 20
1731853039516 0.16721820831298828 21
1731853040153 0.1672181785106659 22
1731853040647 0.16721820831298828 23
1731853041139 0.16721820831298828 24
1731853041640 0.1672181934118271 25
1731853042154 0.1672181785106659 26
1731853042658 0.16721820831298828 27
1731853043141 0.16721822321414948 28
1731853043641 0.1672181934118271 29
1731853044152 0.16721820831298828 30
1731853044657 0.1672181934118271 31
1731853045142 0.1672181934118271 32
1731853045635 0.16721820831298828 33
1731853046142 0.1672181934118271 34
1731853046720 0.16721820831298828 35
1731853047309 0.16721820831298828 36
1731853047861 0.1672181785106659 37
1731853048405 0.16721823811531067 38
1731853049016 0.1672181934118271 39
1731853049580 0.16721822321414948 40
1731853050126 0.16721820831298828 41
1731853050814 0.1672181934118271 42
1731853051359 0.16721820831298828 43
1731853051839 0.16721820831298828 44
1731853052345 0.1672181934118271 45
1731853052839 0.1672181934118271 46
1731853053599 0.1672181934118271 47
1731853054213 0.1672181934118271 48
1731853054725 0.16721820831298828 49
