1731853220771 0.09963265061378479 0
1731853221390 0.0986463874578476 1
1731853221883 0.0944349467754364 2
1731853222410 0.08774632215499878 3
1731853222894 0.0936957374215126 4
1731853223404 0.0827002003788948 5
1731853223995 0.08460576087236404 6
1731853224518 0.08652365952730179 7
1731853225009 0.0756586343050003 8
1731853225507 0.07745621353387833 9
1731853225986 0.06815247982740402 10
1731853226486 0.07098034024238586 11
1731853227119 0.07419734448194504 12
1731853227773 0.06345273554325104 13
1731853228257 0.06286180764436722 14
1731853228757 0.0693526640534401 15
1731853229282 0.06227778270840645 16
1731853229777 0.07000723481178284 17
1731853230256 0.06932880729436874 18
1731853230758 0.06928061693906784 19
1731853231240 0.06298215687274933 20
1731853231770 0.061606280505657196 21
1731853232253 0.06533553451299667 22
1731853232750 0.06552832573652267 23
1731853233254 0.06716884672641754 24
1731853233769 0.061491746455430984 25
1731853234250 0.06670860946178436 26
1731853234744 0.06279739737510681 27
1731853235225 0.06155615672469139 28
1731853235721 0.06360233575105667 29
1731853236218 0.057633522897958755 30
1731853236711 0.06067867949604988 31
1731853237192 0.06378684937953949 32
1731853237693 0.05999481678009033 33
1731853238191 0.06144382432103157 34
1731853238700 0.05721558257937431 35
1731853239181 0.058271534740924835 36
1731853239681 0.05762079730629921 37
1731853240311 0.0587959960103035 38
1731853240828 0.058143626898527145 39
1731853241314 0.05940301716327667 40
1731853241810 0.051029350608587265 41
1731853242295 0.0633804202079773 42
1731853242825 0.05843472108244896 43
1731853243312 0.057596974074840546 44
1731853243808 0.05816912651062012 45
1731853244426 0.05664558708667755 46
1731853244920 0.057124219834804535 47
1731853245446 0.05945953354239464 48
1731853245931 0.05990615487098694 49
