1731892079150 0.019594088196754456 0
1731892081344 0.006972127128392458 1
1731892083411 0.003704788163304329 2
1731892085554 0.003542917547747493 3
1731892087573 0.0039007002487778664 4
1731892089717 0.0024859807454049587 5
1731892091746 0.0031664702109992504 6
1731892094390 0.002640249440446496 7
1731892096391 0.0027706304099410772 8
1731892098451 0.002093655290082097 9
1731892100597 0.0020309952087700367 10
1731892102612 0.0023253625258803368 11
1731892104669 0.0019772853702306747 12
1731892106696 0.002131751039996743 13
1731892108874 0.0018900930881500244 14
1731892111082 0.001473357086069882 15
1731892113182 0.0018229098059237003 16
1731892115306 0.0024695158936083317 17
1731892117294 0.0015696391928941011 18
1731892119418 0.001509484020061791 19
1731892121456 0.0023129405453801155 20
1731892123650 0.0020573975052684546 21
1731892125685 0.001579253119416535 22
1731892127909 0.0016388158546760678 23
1731892129968 0.0017532343044877052 24
1731892131980 0.001674213563092053 25
1731892134052 0.0016479057958349586 26
1731892136218 0.0014709702227264643 27
1731892138276 0.0017005393747240305 28
1731892140349 0.0014341141795739532 29
1731892142383 0.0015903086168691516 30
1731892144448 0.0016141552478075027 31
1731892146648 0.0013852431438863277 32
1731892148702 0.0015165837248787284 33
1731892150860 0.0015885804314166307 34
1731892152903 0.0015340602258220315 35
1731892154978 0.0017135412199422717 36
1731892157008 0.001305885729379952 37
1731892159200 0.001295176800340414 38
1731892161200 0.0016023266362026334 39
1731892163538 0.00162776920478791 40
1731892165562 0.001540508819743991 41
1731892167603 0.0016689657932147384 42
1731892169658 0.001401806715875864 43
1731892171698 0.0015083717880770564 44
1731892173973 0.001396438223309815 45
1731892176067 0.0013881995109841228 46
1731892178077 0.0012234140885993838 47
1731892180485 0.001655751490034163 48
1731892182541 0.0014103652210906148 49
