1731892888615 0.023985041305422783 0
1731892890386 0.0037975527811795473 1
1731892892163 0.0034561813808977604 2
1731892893959 0.004949979484081268 3
1731892895780 0.00254433904774487 4
1731892897403 0.0019252849742770195 5
1731892899160 0.0015749792801216245 6
1731892900747 0.0024241574574261904 7
1731892902356 0.001527535729110241 8
1731892904257 0.0017234418774023652 9
1731892905865 0.001981615088880062 10
1731892907472 0.0016275289235636592 11
1731892909073 0.0014428897993639112 12
1731892911069 0.0013703260337933898 13
1731892912687 0.001374932937324047 14
1731892914323 0.001379605382680893 15
1731892915992 0.0012421399587765336 16
1731892917635 0.0013680983101949096 17
1731892919255 0.0012479751603677869 18
1731892921003 0.001786689506843686 19
1731892922786 0.0013915905728936195 20
1731892924364 0.0012301659444347024 21
1731892925966 0.0014330679550766945 22
1731892927919 0.0011974574299529195 23
1731892929492 0.001274590496905148 24
1731892931121 0.00138767808675766 25
1731892932757 0.0018581775948405266 26
1731892934342 0.0011489582248032093 27
1731892935953 0.0012628495460376143 28
1731892937614 0.0011488437885418534 29
1731892939348 0.0011767902178689837 30
1731892940948 0.001199265825562179 31
1731892942608 0.001274695387110114 32
1731892944198 0.0011723072966560721 33
1731892945985 0.0011010071029886603 34
1731892947639 0.0011992325307801366 35
1731892949206 0.0010506183607503772 36
1731892950821 0.0015092187095433474 37
1731892952621 0.0012379130348563194 38
1731892954288 0.0014271531254053116 39
1731892955978 0.001526887877844274 40
1731892957606 0.0013744225725531578 41
1731892959204 0.0010122183011844754 42
1731892960811 0.0009807698661461473 43
1731892962773 0.0009082607575692236 44
1731892964353 0.0009746767464093864 45
1731892965972 0.0013716858811676502 46
1731892967609 0.001057866495102644 47
1731892969201 0.0009688939899206161 48
1731892970817 0.0009247392299585044 49
