1731892991310 0.039457645267248154 0
1731892991705 0.009632273577153683 1
1731892992093 0.00414179777726531 2
1731892992434 0.004056278150528669 3
1731892992844 0.0031519453041255474 4
1731892993169 0.0031405091285705566 5
1731892993491 0.003282217076048255 6
1731892994157 0.0026241058949381113 7
1731892994492 0.0023858388885855675 8
1731892994839 0.0026669849175959826 9
1731892995166 0.002597106620669365 10
1731892995486 0.002263786969706416 11
1731892995809 0.002545222407206893 12
1731892996144 0.002013002522289753 13
1731892996464 0.0026918365620076656 14
1731892996879 0.001827349653467536 15
1731892997227 0.002278038067743182 16
1731892997550 0.001752937212586403 17
1731892997873 0.0020458241924643517 18
1731892998196 0.0019939192570745945 19
1731892998609 0.0024085058830678463 20
1731892998930 0.0018080620793625712 21
1731892999272 0.002173637505620718 22
1731892999594 0.001827582367695868 23
1731893000054 0.0016282486030831933 24
1731893000376 0.0021065538749098778 25
1731893000825 0.0017665360355749726 26
1731893001154 0.0019750080537050962 27
1731893001493 0.0017901345854625106 28
1731893001821 0.0015148376114666462 29
1731893002141 0.0019418855663388968 30
1731893002459 0.0019232964841648936 31
1731893002776 0.00138527387753129 32
1731893003101 0.001975419232621789 33
1731893003420 0.0017077401280403137 34
1731893003758 0.001693415455520153 35
1731893004079 0.0016346987104043365 36
1731893004397 0.00185925024561584 37
1731893004715 0.001488961512222886 38
1731893005033 0.0017103118589147925 39
1731893005353 0.001660082722082734 40
1731893005669 0.0018434477970004082 41
1731893006018 0.0016106002731248736 42
1731893006343 0.001451350748538971 43
1731893006662 0.0015780831454321742 44
1731893006981 0.0017954859649762511 45
1731893007296 0.001455359742976725 46
1731893007614 0.001598091097548604 47
1731893007927 0.001527185901068151 48
1731893008274 0.0015674151945859194 49
