1731867700773 0.051990244537591934 0
1731867701468 0.01640438474714756 1
1731867702173 0.009036866016685963 2
1731867702825 0.01061018742620945 3
1731867703397 0.006689117755740881 4
1731867704091 0.004955006297677755 5
1731867704739 0.004417675081640482 6
1731867705321 0.0045704310759902 7
1731867705886 0.004697444848716259 8
1731867706625 0.00421209866181016 9
1731867707192 0.0038105063140392303 10
1731867707748 0.0037251377943903208 11
1731867708323 0.003432088065892458 12
1731867708990 0.0032872422598302364 13
1731867709685 0.0035250463988631964 14
1731867710523 0.0035567248705774546 15
1731867711179 0.004284658003598452 16
1731867711901 0.0037197049241513014 17
1731867712467 0.0033248569816350937 18
1731867713067 0.003064426127821207 19
1731867713663 0.0030778166837990284 20
1731867714286 0.003398696193471551 21
1731867715047 0.0026922228280454874 22
1731867715817 0.0027660997584462166 23
1731867716547 0.003069254569709301 24
1731867717312 0.00282889511436224 25
1731867718471 0.00249667139723897 26
1731867719109 0.00239752558991313 27
1731867719846 0.0022770296782255173 28
1731867720437 0.002324263798072934 29
1731867721063 0.002680667210370302 30
1731867721699 0.002080162288621068 31
1731867722324 0.0019913678988814354 32
1731867722925 0.002068462548777461 33
1731867723738 0.002242318820208311 34
1731867724568 0.002185779856517911 35
1731867725410 0.0019399035954847932 36
1731867726007 0.0026164634618908167 37
1731867726550 0.002323066582903266 38
1731867727121 0.0023080494720488787 39
1731867727883 0.0030247417744249105 40
1731867728482 0.0019782495219260454 41
1731867729236 0.0019670454785227776 42
1731867729976 0.0022963001392781734 43
1731867730571 0.002070782473310828 44
1731867731255 0.0019632175099104643 45
1731867732019 0.001884276862256229 46
1731867732633 0.0017702938057482243 47
1731867733321 0.002216498600319028 48
1731867734086 0.0016936672618612647 49
