1731857438267 0.1685960590839386 0
1731857438909 0.1006307452917099 1
1731857439587 0.01577138900756836 2
1731857440230 0.009739291854202747 3
1731857440760 0.005372949875891209 4
1731857441314 0.005853328388184309 5
1731857441917 0.009929461404681206 6
1731857442504 0.0029783158097416162 7
1731857443213 0.0024152351543307304 8
1731857443733 0.0023176458198577166 9
1731857444302 0.002821559552103281 10
1731857445042 0.0025449730455875397 11
1731857445573 0.002433877205476165 12
1731857446119 0.0021665331441909075 13
1731857446652 0.0023139978293329477 14
1731857447191 0.002495239255949855 15
1731857447710 0.002464588964357972 16
1731857448288 0.003836308605968952 17
1731857448852 0.002339249476790428 18
1731857449391 0.002374622505158186 19
1731857450023 0.002187078818678856 20
1731857450541 0.001969141885638237 21
1731857451135 0.0020357088651508093 22
1731857451753 0.003415990388020873 23
1731857452307 0.0022839303128421307 24
1731857452834 0.002138738287612796 25
1731857453408 0.003969202283769846 26
1731857453950 0.00545333931222558 27
1731857454469 0.002817722735926509 28
1731857455196 0.0033464545849710703 29
1731857455837 0.0019912186544388533 30
1731857456372 0.002065154490992427 31
1731857456906 0.0019350198563188314 32
1731857457524 0.0019516159081831574 33
1731857458141 0.002055346965789795 34
1731857458683 0.002684977138414979 35
1731857459227 0.0019656887743622065 36
1731857459740 0.002302351174876094 37
1731857460321 0.0018842596327885985 38
1731857460876 0.0018104135524481535 39
1731857461415 0.0020777671597898006 40
1731857461957 0.0020466374699026346 41
1731857462506 0.0016891428967937827 42
1731857463054 0.0017626890912652016 43
1731857463605 0.0021285670809447765 44
1731857464158 0.002331191673874855 45
1731857464702 0.002442501252517104 46
1731857465290 0.0016261570854112506 47
1731857466088 0.0016458772588521242 48
1731857466666 0.0014557619579136372 49
