1731871914416 0.023382291197776794 0
1731871915411 0.010465102270245552 1
1731871916196 0.008491444401443005 2
1731871917326 0.006589366123080254 3
1731871918214 0.00541815347969532 4
1731871918838 0.005011461209505796 5
1731871919595 0.0047974418848752975 6
1731871920263 0.003879444906488061 7
1731871920875 0.0054373485036194324 8
1731871921586 0.003861364210024476 9
1731871922204 0.003654784057289362 10
1731871922814 0.0032406244426965714 11
1731871923502 0.003560430835932493 12
1731871924244 0.0036960840225219727 13
1731871924954 0.003486446337774396 14
1731871925572 0.0033680207561701536 15
1731871926549 0.0030935530085116625 16
1731871927283 0.0030537054408341646 17
1731871927971 0.00336033059284091 18
1731871928860 0.0029817225877195597 19
1731871930274 0.003615254769101739 20
1731871931204 0.002425887156277895 21
1731871932390 0.0024760293308645487 22
1731871933291 0.002528978046029806 23
1731871934310 0.002705393126234412 24
1731871935754 0.0024057812988758087 25
1731871936956 0.0024619658943265676 26
1731871938012 0.0022914623841643333 27
1731871939161 0.002207028679549694 28
1731871939975 0.002317136852070689 29
1731871940790 0.002655821153894067 30
1731871941652 0.0027114141266793013 31
1731871942560 0.0022685276344418526 32
1731871943377 0.0019887909293174744 33
1731871944239 0.002219021087512374 34
1731871945081 0.0025847284123301506 35
1731871946179 0.0019259275868535042 36
1731871947190 0.0021730053704231977 37
1731871947893 0.002238496206700802 38
1731871948696 0.0019462008494883776 39
1731871949378 0.0018057205015793443 40
1731871950013 0.0020266654901206493 41
1731871950979 0.0019982107914984226 42
1731871951650 0.0020654359832406044 43
1731871952423 0.0021728568244725466 44
1731871953238 0.00211189198307693 45
1731871954085 0.0021026877220720053 46
1731871954812 0.00206702365539968 47
1731871955766 0.001639218651689589 48
1731871956536 0.002075908239930868 49
