1731872666187 0.048070672899484634 0
1731872667139 0.012928851880133152 1
1731872667883 0.011401055380702019 2
1731872668433 0.008541050367057323 3
1731872669253 0.004508062265813351 4
1731872669883 0.0037523319479078054 5
1731872670475 0.0033028619363904 6
1731872671018 0.003216687124222517 7
1731872671697 0.003202490508556366 8
1731872672370 0.0028827558271586895 9
1731872672972 0.003392923390492797 10
1731872673528 0.0026321066543459892 11
1731872674096 0.0025096365716308355 12
1731872674781 0.0025849167723208666 13
1731872675404 0.0026262765750288963 14
1731872675957 0.002789089223369956 15
1731872676713 0.0026325129438191652 16
1731872677331 0.002834000624716282 17
1731872678082 0.002121641533449292 18
1731872678812 0.0021187812089920044 19
1731872679630 0.002067123306915164 20
1731872680266 0.0027831413317471743 21
1731872680899 0.0024772132746875286 22
1731872681880 0.002471914980560541 23
1731872682574 0.002416084287688136 24
1731872683147 0.0019892428535968065 25
1731872683713 0.0019019872415810823 26
1731872684263 0.0019294180674478412 27
1731872684827 0.0018770367605611682 28
1731872685475 0.0020563858561217785 29
1731872686035 0.0025955536402761936 30
1731872686651 0.00289734685793519 31
1731872687359 0.0021648008842021227 32
1731872687918 0.0019185042474418879 33
1731872688479 0.0015495085390284657 34
1731872689028 0.002202435629442334 35
1731872689655 0.001514547853730619 36
1731872690234 0.0018078446155413985 37
1731872690880 0.0020781406201422215 38
1731872691485 0.002762923249974847 39
1731872692085 0.0033096475526690483 40
1731872692689 0.0016210573958232999 41
1731872693807 0.0015598245663568377 42
1731872694773 0.001545681618154049 43
1731872695366 0.0015900168800726533 44
1731872696026 0.0014811827568337321 45
1731872696594 0.0016064576338976622 46
1731872697210 0.0016188515583053231 47
1731872697779 0.0017522010020911694 48
1731872698555 0.0014820921933278441 49
