1731859861557 0.45492857694625854 0
1731859862194 0.1911754161119461 1
1731859862811 0.0827547237277031 2
1731859863423 0.04475383833050728 3
1731859864057 0.02749181166291237 4
1731859864687 0.021471120417118073 5
1731859865188 0.0162140391767025 6
1731859865949 0.011561506427824497 7
1731859866591 0.012022009119391441 8
1731859867095 0.009873628616333008 9
1731859867603 0.01543991919606924 10
1731859868213 0.009557208977639675 11
1731859868746 0.02090311422944069 12
1731859869404 0.015118579380214214 13
1731859870048 0.017139235511422157 14
1731859870569 0.012919910252094269 15
1731859871070 0.008767369203269482 16
1731859871576 0.007434547413140535 17
1731859872077 0.008813491091132164 18
1731859872586 0.00790482573211193 19
1731859873116 0.007297894451767206 20
1731859873739 0.008201979100704193 21
1731859874242 0.008967887610197067 22
1731859874746 0.007584546692669392 23
1731859875274 0.0071368166245520115 24
1731859875777 0.008405301719903946 25
1731859876276 0.009618007577955723 26
1731859876786 0.012075867503881454 27
1731859877294 0.026211446151137352 28
1731859877818 0.010360952466726303 29
1731859878319 0.006919504143297672 30
1731859878835 0.007099672686308622 31
1731859879580 0.008877931162714958 32
1731859880208 0.00836196355521679 33
1731859880709 0.010521572083234787 34
1731859881313 0.015364558435976505 35
1731859881833 0.01065207738429308 36
1731859882356 0.008500747382640839 37
1731859882869 0.006731720641255379 38
1731859883478 0.00655387481674552 39
1731859883977 0.007150087505578995 40
1731859884500 0.011466517113149166 41
1731859884995 0.012293512932956219 42
1731859885507 0.010385013185441494 43
1731859886016 0.006536572705954313 44
1731859886535 0.007914776913821697 45
1731859887036 0.005706544034183025 46
1731859887547 0.00522405281662941 47
1731859888052 0.008451612666249275 48
1731859888835 0.006026402115821838 49
