1731853542976 0.11975312978029251 0
1731853543623 0.08757638931274414 1
1731853544134 0.0795394629240036 2
1731853544664 0.06568195670843124 3
1731853545279 0.06612344086170197 4
1731853545771 0.051465172320604324 5
1731853546274 0.059416502714157104 6
1731853546803 0.04835512489080429 7
1731853547344 0.049966953694820404 8
1731853547925 0.04854721948504448 9
1731853548443 0.05173438414931297 10
1731853548978 0.048875097185373306 11
1731853549481 0.04739374294877052 12
1731853549994 0.04197385534644127 13
1731853550496 0.040011245757341385 14
1731853551272 0.05486880987882614 15
1731853551790 0.05148627981543541 16
1731853552398 0.045275986194610596 17
1731853552911 0.0412113294005394 18
1731853553440 0.04444329813122749 19
1731853553958 0.04415319114923477 20
1731853554462 0.04411650076508522 21
1731853555087 0.038702964782714844 22
1731853555610 0.04533173516392708 23
1731853556140 0.03835878148674965 24
1731853556653 0.04565085843205452 25
1731853557160 0.03737260401248932 26
1731853557674 0.04724668338894844 27
1731853558209 0.03895927220582962 28
1731853558720 0.0424773171544075 29
1731853559229 0.0379314199090004 30
1731853559740 0.03849053382873535 31
1731853560281 0.036262597888708115 32
1731853560790 0.0372653603553772 33
1731853561299 0.044219471514225006 34
1731853561811 0.030181895941495895 35
1731853562635 0.03248550742864609 36
1731853563299 0.03461933508515358 37
1731853563810 0.03073061630129814 38
1731853564319 0.036070968955755234 39
1731853564862 0.03915257006883621 40
1731853565372 0.034213654696941376 41
1731853565878 0.029588816687464714 42
1731853566392 0.034627337008714676 43
1731853566898 0.03396352380514145 44
1731853567424 0.02748367190361023 45
1731853568062 0.03580647334456444 46
1731853568581 0.029987258836627007 47
1731853569090 0.03099157102406025 48
1731853569624 0.025114012882113457 49
