1731860142293 0.03758452832698822 0
1731860142921 0.0124368192628026 1
1731860143541 0.005863057915121317 2
1731860144161 0.0052100783213973045 3
1731860144695 0.004422765225172043 4
1731860145347 0.0038946038112044334 5
1731860146041 0.003941609989851713 6
1731860146544 0.005831178743392229 7
1731860147074 0.005840797442942858 8
1731860147578 0.0036409723106771708 9
1731860148342 0.0028181655798107386 10
1731860148869 0.0029722265899181366 11
1731860149501 0.0026718717999756336 12
1731860150002 0.002666045678779483 13
1731860150627 0.0024170016404241323 14
1731860151143 0.002254752442240715 15
1731860151690 0.0022932998836040497 16
1731860152253 0.0024262922815978527 17
1731860152938 0.0023466895800083876 18
1731860153512 0.0023860237561166286 19
1731860154046 0.002254942199215293 20
1731860154585 0.0020852682646363974 21
1731860155234 0.0028886666987091303 22
1731860155764 0.0024709058925509453 23
1731860156273 0.002134817186743021 24
1731860156778 0.0019390019588172436 25
1731860157286 0.0022511393763124943 26
1731860157827 0.0018332530744373798 27
1731860158490 0.002108341781422496 28
1731860159101 0.0021168370731174946 29
1731860159606 0.0023463380057364702 30
1731860160119 0.003247902262955904 31
1731860160643 0.0018438766710460186 32
1731860161257 0.001744956593029201 33
1731860161768 0.0016635695938020945 34
1731860162267 0.0017301097977906466 35
1731860162794 0.0024448612239211798 36
1731860163416 0.0019004738423973322 37
1731860164035 0.0020054925698786974 38
1731860164550 0.002306410577148199 39
1731860165087 0.0016683873254805803 40
1731860165587 0.0017202635062858462 41
1731860166093 0.0015617605531588197 42
1731860166598 0.002302090171724558 43
1731860167118 0.0022002586629241705 44
1731860167783 0.0015926860505715013 45
1731860168404 0.0017271400429308414 46
1731860168913 0.0013121195370331407 47
1731860169478 0.001500652520917356 48
1731860170289 0.0015788532327860594 49
