1731875915735 0.021094439551234245 0
1731875916709 0.004598499741405249 1
1731875917716 0.0037931494880467653 2
1731875918705 0.0030909969937056303 3
1731875919739 0.002760493429377675 4
1731875920669 0.0025824487674981356 5
1731875921642 0.0022813493851572275 6
1731875922529 0.002347456756979227 7
1731875923407 0.0019764576572924852 8
1731875924280 0.0020917935762554407 9
1731875925224 0.0022645897697657347 10
1731875926096 0.0022286546882241964 11
1731875926987 0.0019821517635136843 12
1731875927849 0.0018165730871260166 13
1731875928757 0.002079891972243786 14
1731875929728 0.0017613661475479603 15
1731875930679 0.001849883352406323 16
1731875931510 0.0017900903476402164 17
1731875932396 0.001757690217345953 18
1731875933195 0.0017645028419792652 19
1731875934119 0.0017769871046766639 20
1731875934927 0.0014844952384009957 21
1731875935734 0.0018733949400484562 22
1731875936676 0.0015291842864826322 23
1731875937470 0.001390393590554595 24
1731875938291 0.0015967212384566665 25
1731875939096 0.001579293399117887 26
1731875939910 0.001451927237212658 27
1731875940737 0.0016659534303471446 28
1731875941542 0.0014746843371540308 29
1731875942333 0.0015792351914569736 30
1731875943300 0.0013101022923365235 31
1731875944105 0.0015388027532026172 32
1731875944898 0.0015025578904896975 33
1731875945720 0.0014629812212660909 34
1731875946517 0.0014434346230700612 35
1731875947338 0.0013493775622919202 36
1731875948133 0.0013602356193587184 37
1731875948925 0.001474399003200233 38
1731875949748 0.0012573767453432083 39
1731875950553 0.0014176397817209363 40
1731875951360 0.0015071532689034939 41
1731875952192 0.0012576401932165027 42
1731875952985 0.0012178211472928524 43
1731875953780 0.0013058037729933858 44
1731875954848 0.0013079040218144655 45
1731875955652 0.0013529916759580374 46
1731875956457 0.0013793926918879151 47
1731875957283 0.001277739997021854 48
1731875958080 0.0011622563470155 49
