1731857712441 0.18201853334903717 0
1731857713230 0.1729772388935089 1
1731857713976 0.09673840552568436 2
1731857715203 0.022908255457878113 3
1731857716022 0.04391691833734512 4
1731857716682 0.010448693297803402 5
1731857717652 0.012559396214783192 6
1731857718310 0.007280618418008089 7
1731857718948 0.0035135620273649693 8
1731857719712 0.0030340654775500298 9
1731857720408 0.002678206656128168 10
1731857721409 0.002816780237480998 11
1731857722118 0.002678228309378028 12
1731857722792 0.0029727183282375336 13
1731857723546 0.0025395930279046297 14
1731857724226 0.0026268900837749243 15
1731857724818 0.002482847310602665 16
1731857725517 0.0026629336643964052 17
1731857726753 0.0029373192228376865 18
1731857727587 0.0024207662791013718 19
1731857728253 0.0023550696205347776 20
1731857728868 0.0025883656926453114 21
1731857729634 0.002721946919336915 22
1731857730290 0.004216532688587904 23
1731857730953 0.0031803848687559366 24
1731857731681 0.002628694986924529 25
1731857732782 0.0026744382921606302 26
1731857733437 0.0022478089667856693 27
1731857734354 0.0021587873343378305 28
1731857735170 0.0024983095936477184 29
1731857735766 0.003049809020012617 30
1731857736427 0.0026453398168087006 31
1731857737131 0.0024393300991505384 32
1731857737800 0.0022492690477520227 33
1731857738628 0.0020940834656357765 34
1731857739268 0.004133779555559158 35
1731857739880 0.0026071248576045036 36
1731857740727 0.003138587810099125 37
1731857741515 0.002516286913305521 38
1731857742134 0.0025644833222031593 39
1731857742684 0.0025331061333417892 40
1731857743281 0.0021912057418376207 41
1731857743979 0.002389212604612112 42
1731857744551 0.0028977643232792616 43
1731857745112 0.002382425358518958 44
1731857745664 0.002506932942196727 45
1731857746255 0.0048802574165165424 46
1731857746885 0.0031085661612451077 47
1731857747504 0.0021680621430277824 48
1731857748188 0.0021906306501477957 49
