1731859303522 0.19974303245544434 0
1731859304140 0.07541866600513458 1
1731859304723 0.035702161490917206 2
1731859305295 0.022828323766589165 3
1731859305875 0.014604330994188786 4
1731859306477 0.012338342145085335 5
1731859306970 0.016234079375863075 6
1731859307646 0.010719888843595982 7
1731859308141 0.008294939994812012 8
1731859308747 0.007104609627276659 9
1731859309331 0.007360008079558611 10
1731859309899 0.007586658466607332 11
1731859310416 0.04541610926389694 12
1731859310908 0.02726636454463005 13
1731859311387 0.014712519943714142 14
1731859311868 0.008104235865175724 15
1731859312349 0.0067901392467319965 16
1731859312929 0.006446055602282286 17
1731859313529 0.006415167823433876 18
1731859314009 0.005619227420538664 19
1731859314483 0.00519054289907217 20
1731859314963 0.006111493334174156 21
1731859315464 0.006034824997186661 22
1731859316052 0.004569701850414276 23
1731859316532 0.006380646023899317 24
1731859317018 0.006420935969799757 25
1731859317589 0.004465966951102018 26
1731859318093 0.004798645619302988 27
1731859318566 0.0053319488652050495 28
1731859319288 0.005350288935005665 29
1731859319770 0.00469984021037817 30
1731859320378 0.006223417818546295 31
1731859320866 0.005132822319865227 32
1731859321345 0.004870770964771509 33
1731859321824 0.005121036898344755 34
1731859322323 0.005362408235669136 35
1731859322806 0.0044583892449736595 36
1731859323283 0.004136429633945227 37
1731859323864 0.003916170448064804 38
1731859324346 0.008347705006599426 39
1731859324846 0.03294042870402336 40
1731859325329 0.007952055893838406 41
1731859325804 0.00603438401594758 42
1731859326284 0.004505370277911425 43
1731859326769 0.005273962393403053 44
1731859327267 0.005676685366779566 45
1731859327749 0.004832287784665823 46
1731859328229 0.003996856510639191 47
1731859328711 0.0037296342197805643 48
1731859329214 0.004180855583399534 49
