1731882047870 0.03327623009681702 0
1731882048271 0.013345844112336636 1
1731882048547 0.005695823580026627 2
1731882048950 0.0035094907507300377 3
1731882049226 0.004339993931353092 4
1731882049628 0.002618074184283614 5
1731882049901 0.0029237335547804832 6
1731882050174 0.0033172473777085543 7
1731882050438 0.002508530393242836 8
1731882050708 0.0032572851050645113 9
1731882051089 0.0029209263157099485 10
1731882051351 0.002115655690431595 11
1731882051620 0.0024404376745224 12
1731882051907 0.002425838727504015 13
1731882052171 0.002486754907295108 14
1731882052436 0.0021618339233100414 15
1731882052700 0.002797059016302228 16
1731882053238 0.0018283044919371605 17
1731882053509 0.00222727726213634 18
1731882053884 0.0019781209994107485 19
1731882054175 0.0018872740911319852 20
1731882054444 0.0024914746172726154 21
1731882054714 0.0027229778934270144 22
1731882054981 0.0020184118766337633 23
1731882055253 0.00197613425552845 24
1731882055522 0.0018048114143311977 25
1731882055798 0.0024416574742645025 26
1731882056187 0.001750522991642356 27
1731882056469 0.0026065472047775984 28
1731882056738 0.002102700062096119 29
1731882057000 0.0019961006473749876 30
1731882057268 0.0018030105857178569 31
1731882057646 0.0023908009752631187 32
1731882057916 0.0019521345384418964 33
1731882058190 0.0016386694042012095 34
1731882058457 0.0021506138145923615 35
1731882058748 0.0025569351855665445 36
1731882059013 0.001607632264494896 37
1731882059279 0.0019382124301046133 38
1731882059544 0.0016286259051412344 39
1731882059809 0.0016398349544033408 40
1731882060083 0.001683684648014605 41
1731882060346 0.0018121037865057588 42
1731882060614 0.002275631530210376 43
1731882060890 0.002020062180235982 44
1731882061428 0.001255550654605031 45
1731882061706 0.0023595767561346292 46
1731882061970 0.001669173245318234 47
1731882062232 0.0016537788324058056 48
1731882062497 0.0018743297550827265 49
