1731876624073 0.16635848581790924 0
1731876624679 0.16395807266235352 1
1731876625270 0.16363762319087982 2
1731876625904 0.0248730406165123 3
1731876626662 0.003874672343954444 4
1731876627330 0.0029315052088350058 5
1731876627901 0.0024304245598614216 6
1731876628411 0.0025398973375558853 7
1731876629010 0.001978054642677307 8
1731876629511 0.001688155927695334 9
1731876630132 0.0019011785043403506 10
1731876630651 0.0018951595993712544 11
1731876631162 0.001639329013414681 12
1731876631767 0.0016422629123553634 13
1731876632305 0.0018070167861878872 14
1731876632913 0.0017811531433835626 15
1731876633563 0.0016442777123302221 16
1731876634097 0.0016430329997092485 17
1731876634723 0.0012976364232599735 18
1731876635228 0.001422816189005971 19
1731876635747 0.0013587558642029762 20
1731876636396 0.0016585824778303504 21
1731876636940 0.0014004732947796583 22
1731876637458 0.0012752889888361096 23
1731876637972 0.0013088195119053125 24
1731876638479 0.0014112445060163736 25
1731876639007 0.0012763122795149684 26
1731876639545 0.0012906070332974195 27
1731876640059 0.0011642655590549111 28
1731876640570 0.00118985993321985 29
1731876641078 0.0013378920266404748 30
1731876641608 0.001571412431076169 31
1731876642118 0.0012654823949560523 32
1731876642722 0.0011438713409006596 33
1731876643236 0.0014149622293189168 34
1731876643785 0.0012094987323507667 35
1731876644302 0.00125330057926476 36
1731876644809 0.0011733720311895013 37
1731876645314 0.0012420775601640344 38
1731876645846 0.0010825415374711156 39
1731876646375 0.0010920698987320065 40
1731876646882 0.0011471376055851579 41
1731876647400 0.0015042342711240053 42
1731876648075 0.001290603424422443 43
1731876648630 0.001162488479167223 44
1731876649137 0.0010300707072019577 45
1731876649647 0.001169814495369792 46
1731876650151 0.0011801428627222776 47
1731876650688 0.0012306880671530962 48
1731876651210 0.0011781880166381598 49
