1731851118506 0.06513337790966034 0
1731851119171 0.004549934063106775 1
1731851119873 0.0027010561898350716 2
1731851120487 0.00811041984707117 3
1731851121403 0.0022612244356423616 4
1731851122075 0.0030725339893251657 5
1731851122734 0.002072499832138419 6
1731851123372 0.0019317197147756815 7
1731851123947 0.0017036378849297762 8
1731851124584 0.002250961260870099 9
1731851125136 0.0018381294794380665 10
1731851125782 0.001574883353896439 11
1731851126505 0.0014466976281255484 12
1731851127105 0.001581023563630879 13
1731851127666 0.0017586109461262822 14
1731851128272 0.0018449831986799836 15
1731851128927 0.0023801815696060658 16
1731851129757 0.0017863890388980508 17
1731851130388 0.0023222160525619984 18
1731851131097 0.0020851893350481987 19
1731851131721 0.003789937123656273 20
1731851132317 0.0038973556365817785 21
1731851132900 0.0017884887056425214 22
1731851133536 0.002017310122027993 23
1731851134181 0.0016886969096958637 24
1731851134781 0.0016767085762694478 25
1731851135404 0.0015575690194964409 26
1731851135943 0.0020401033107191324 27
1731851136622 0.0015845258021727204 28
1731851137154 0.0016231605550274253 29
1731851137746 0.002238324610516429 30
1731851138405 0.0012894697720184922 31
1731851138964 0.0019309560302644968 32
1731851139522 0.0022755356039851904 33
1731851140047 0.001297895796597004 34
1731851140767 0.0012488893698900938 35
1731851141383 0.0013518736232072115 36
1731851142182 0.0015202803770080209 37
1731851142799 0.0015024084132164717 38
1731851143430 0.00132958113681525 39
1731851144071 0.0012484489707276225 40
1731851144732 0.0012800724944099784 41
1731851145404 0.001261327532120049 42
1731851146019 0.0013231235789135098 43
1731851146771 0.001117243547923863 44
1731851147483 0.0011162045411765575 45
1731851148114 0.0010202546836808324 46
1731851148787 0.0010496635222807527 47
1731851149471 0.0013190897880122066 48
1731851150249 0.0012634784216061234 49
