1731858350586 0.05295759439468384 0
1731858351183 0.011079167015850544 1
1731858351703 0.01949780434370041 2
1731858352197 0.009696174412965775 3
1731858352682 0.006217808462679386 4
1731858353259 0.004767496604472399 5
1731858353893 0.004691225942224264 6
1731858354489 0.004568187985569239 7
1731858355013 0.004590542055666447 8
1731858355502 0.004514302592724562 9
1731858356234 0.004106365144252777 10
1731858356731 0.0036169840022921562 11
1731858357213 0.003854261478409171 12
1731858357702 0.00338742439635098 13
1731858358276 0.003129500662907958 14
1731858358877 0.004192153457552195 15
1731858359372 0.003106326563283801 16
1731858359863 0.0035881807561963797 17
1731858360348 0.003082156414166093 18
1731858360856 0.003985650837421417 19
1731858361428 0.002973139053210616 20
1731858361912 0.003951731603592634 21
1731858362395 0.003815567120909691 22
1731858362903 0.0028850038070231676 23
1731858363395 0.004303000867366791 24
1731858363884 0.0031529634725302458 25
1731858364370 0.004305575974285603 26
1731858364859 0.004427068866789341 27
1731858365378 0.003288636449724436 28
1731858365960 0.0030364077538251877 29
1731858366444 0.0025558965280652046 30
1731858366931 0.0027906603645533323 31
1731858367458 0.004514827858656645 32
1731858368187 0.002339585218578577 33
1731858368680 0.002835099818184972 34
1731858369176 0.00344083271920681 35
1731858369729 0.003047505160793662 36
1731858370314 0.003459610976278782 37
1731858370892 0.002646330976858735 38
1731858371383 0.0021817940287292004 39
1731858371868 0.00221836706623435 40
1731858372370 0.00236710999161005 41
1731858372861 0.0035899512004107237 42
1731858373347 0.0025893517304211855 43
1731858373833 0.002168042352423072 44
1731858374318 0.0024414467625319958 45
1731858374832 0.0023310729302465916 46
1731858375405 0.002067361492663622 47
1731858375985 0.0023309136740863323 48
1731858376469 0.0036612951662391424 49
