1731876671427 0.02328924462199211 0
1731876672113 0.003741166554391384 1
1731876672717 0.0034991817083209753 2
1731876673293 0.00317567796446383 3
1731876673889 0.002894681179895997 4
1731876674474 0.002518967492505908 5
1731876675179 0.002485675970092416 6
1731876675765 0.0022855252027511597 7
1731876676438 0.0024461625143885612 8
1731876677018 0.0025052132550626993 9
1731876677623 0.0020130248740315437 10
1731876678202 0.002136652125045657 11
1731876678785 0.0017785819945856929 12
1731876679485 0.0016311968211084604 13
1731876680161 0.001922469469718635 14
1731876680885 0.002256566658616066 15
1731876681566 0.0017871038289740682 16
1731876682174 0.0016175154596567154 17
1731876682859 0.0016229406464844942 18
1731876683445 0.0014906706055626273 19
1731876684150 0.0015439424896612763 20
1731876684824 0.0015797453233972192 21
1731876685406 0.0020092255435884 22
1731876685982 0.0016860770992934704 23
1731876686599 0.0017870214069262147 24
1731876687179 0.0014751426642760634 25
1731876687765 0.001496857381425798 26
1731876688348 0.001558852382004261 27
1731876688952 0.0012922835303470492 28
1731876689759 0.0013090274296700954 29
1731876690438 0.001494679250754416 30
1731876691237 0.0019426930230110884 31
1731876691840 0.0014321863418444991 32
1731876692455 0.0012527202488854527 33
1731876693125 0.001433105324395001 34
1731876693733 0.0012136527802795172 35
1731876694318 0.001179416198283434 36
1731876694901 0.0013550195144489408 37
1731876695486 0.0014434874756261706 38
1731876696095 0.0015444265445694327 39
1731876696676 0.0013681147247552872 40
1731876697350 0.0012083923211321235 41
1731876697956 0.0014928927412256598 42
1731876698540 0.0010775665286928415 43
1731876699128 0.0010926678078249097 44
1731876699709 0.001536788186058402 45
1731876700319 0.0011801040964201093 46
1731876700898 0.0013022193452343345 47
1731876701478 0.0011317961616441607 48
1731876702192 0.0011107617756351829 49
