1731890469829 0.0223065372556448 0
1731890470865 0.003987193573266268 1
1731890471805 0.0034198127686977386 2
1731890472739 0.002081327373161912 3
1731890473875 0.0018825010629370809 4
1731890474686 0.0025866550859063864 5
1731890475545 0.0017629864159971476 6
1731890476523 0.0015880491118878126 7
1731890477352 0.002045139903202653 8
1731890478263 0.002163028810173273 9
1731890479121 0.001598141505382955 10
1731890479952 0.0014589237980544567 11
1731890480812 0.0017750768456608057 12
1731890481624 0.0013350154040381312 13
1731890482511 0.002161783166229725 14
1731890483367 0.0014388163108378649 15
1731890484245 0.0013490677811205387 16
1731890485395 0.0016908332472667098 17
1731890486246 0.0016003926284611225 18
1731890487178 0.0011733974097296596 19
1731890488029 0.0012850017519667745 20
1731890488866 0.0011981226271018386 21
1731890489718 0.0011562809813767672 22
1731890490556 0.00129754061345011 23
1731890491428 0.001100791385397315 24
1731890492324 0.0012503110338002443 25
1731890493177 0.0012037260457873344 26
1731890494006 0.001413542777299881 27
1731890495020 0.002051710616797209 28
1731890495837 0.0013312962837517262 29
1731890496874 0.001270368811674416 30
1731890497832 0.0011032853508368134 31
1731890498643 0.0011437485227361321 32
1731890499503 0.0013467093231156468 33
1731890500438 0.0011048432206735015 34
1731890501268 0.0009661854128353298 35
1731890502136 0.0013364311307668686 36
1731890503026 0.0011366677936166525 37
1731890503886 0.0011127577163279057 38
1731890504696 0.0012330261524766684 39
1731890505561 0.0011481818510219455 40
1731890506746 0.0011116022942587733 41
1731890507671 0.001072488958016038 42
1731890508500 0.001110750250518322 43
1731890509470 0.0009893177775666118 44
1731890510313 0.0010475065791979432 45
1731890511181 0.0010336379054933786 46
1731890512064 0.0010657624807208776 47
1731890512915 0.0010970615549013019 48
1731890513787 0.0010429791873320937 49
