1731866674666 0.04426073282957077 0
1731866675311 0.0055576348677277565 1
1731866675966 0.0038978352677077055 2
1731866676648 0.003868688130751252 3
1731866677449 0.0036965098697692156 4
1731866678096 0.003966080956161022 5
1731866678665 0.0035331640392541885 6
1731866679231 0.0029290488455444574 7
1731866679813 0.0029024407267570496 8
1731866680352 0.0037289373576641083 9
1731866680926 0.0029211165383458138 10
1731866681510 0.0027558731380850077 11
1731866682150 0.0023153736256062984 12
1731866682808 0.0023834691382944584 13
1731866683357 0.0038624301087111235 14
1731866684023 0.002406385960057378 15
1731866684599 0.002381643746048212 16
1731866685192 0.0022898977622389793 17
1731866685768 0.002483668504282832 18
1731866686341 0.0021535237319767475 19
1731866687141 0.002107509644702077 20
1731866687701 0.00217782543040812 21
1731866688264 0.0023613094817847013 22
1731866688843 0.004775159992277622 23
1731866689393 0.002610345371067524 24
1731866689961 0.002511677099391818 25
1731866690650 0.0023333202116191387 26
1731866691202 0.0021210245322436094 27
1731866691767 0.00210492592304945 28
1731866692324 0.0017576388781890273 29
1731866692936 0.0022353532258421183 30
1731866693512 0.0026841643266379833 31
1731866694069 0.0032054779585450888 32
1731866694664 0.001991390949115157 33
1731866695396 0.0017799690831452608 34
1731866695953 0.0019929076079279184 35
1731866696522 0.002076453762128949 36
1731866697091 0.0019044813234359026 37
1731866697690 0.002102550584822893 38
1731866698391 0.0020229099318385124 39
1731866698959 0.0020075608044862747 40
1731866699530 0.0025283643044531345 41
1731866700157 0.007375975605100393 42
1731866700728 0.004050129558891058 43
1731866701283 0.002403557999059558 44
1731866701878 0.002741486532613635 45
1731866702471 0.0020340580958873034 46
1731866703118 0.0016823428450152278 47
1731866703677 0.001765447435900569 48
1731866704224 0.0017733459826558828 49
