1731879612448 0.04553208872675896 0
1731879612946 0.00823244173079729 1
1731879613441 0.005006813444197178 2
1731879613849 0.004003438167273998 3
1731879614338 0.003314780304208398 4
1731879614726 0.00333350314758718 5
1731879615115 0.002982313744723797 6
1731879615502 0.0033940940629690886 7
1731879615915 0.003219537204131484 8
1731879616304 0.0025827072095125914 9
1731879616688 0.002702656202018261 10
1731879617073 0.002499626949429512 11
1731879617453 0.003077772445976734 12
1731879617842 0.0029137309174984694 13
1731879618250 0.0028213881887495518 14
1731879618637 0.0034976177848875523 15
1731879619023 0.0021815861109644175 16
1731879619648 0.002514126244932413 17
1731879620036 0.0019757424015551805 18
1731879620549 0.0026303590275347233 19
1731879621042 0.002176240086555481 20
1731879621429 0.0024856708478182554 21
1731879621816 0.0018770931055769324 22
1731879622317 0.0019190936582162976 23
1731879622737 0.0018588374368846416 24
1731879623131 0.002166166203096509 25
1731879623520 0.002370659029111266 26
1731879623925 0.001992459874600172 27
1731879624309 0.0018399220425635576 28
1731879624696 0.00235140067525208 29
1731879625100 0.001929916674271226 30
1731879625488 0.0023937032092362642 31
1731879625872 0.001758673693984747 32
1731879626256 0.001552446628920734 33
1731879626645 0.0017820291686803102 34
1731879627043 0.0019659383688122034 35
1731879627743 0.0015151180559769273 36
1731879628149 0.0017186793265864253 37
1731879628543 0.0016878454480320215 38
1731879628927 0.0017321630148217082 39
1731879629422 0.001502996077761054 40
1731879629813 0.0018448920454829931 41
1731879630221 0.001918319147080183 42
1731879630605 0.001612397376447916 43
1731879630994 0.0017824142705649137 44
1731879631377 0.00186593655962497 45
1731879631765 0.0015455211978405714 46
1731879632175 0.0015435887034982443 47
1731879632602 0.0014906502328813076 48
1731879633037 0.0018135264981538057 49
