1731877800832 0.023132482543587685 0
1731877801863 0.006312345154583454 1
1731877802875 0.004562691319733858 2
1731877803800 0.0040532490238547325 3
1731877804981 0.004117232747375965 4
1731877805893 0.0037753083743155003 5
1731877806820 0.002844960195943713 6
1731877807856 0.0033258197363466024 7
1731877808788 0.003094820771366358 8
1731877809714 0.002708920044824481 9
1731877810625 0.002533636288717389 10
1731877811551 0.002633166266605258 11
1731877812456 0.0024276890326291323 12
1731877813490 0.002457059919834137 13
1731877814393 0.002788085723295808 14
1731877815330 0.002040939638391137 15
1731877816391 0.002081129467114806 16
1731877817291 0.002052032621577382 17
1731877818322 0.0018783194245770574 18
1731877819227 0.002134447917342186 19
1731877820159 0.0021246825344860554 20
1731877821052 0.0019910153932869434 21
1731877821950 0.0018463265150785446 22
1731877822987 0.0017759380862116814 23
1731877823904 0.002033097902312875 24
1731877824833 0.0017509637400507927 25
1731877825731 0.002005451824516058 26
1731877826751 0.0017828071722760797 27
1731877827914 0.0019468856044113636 28
1731877828856 0.0018696403130888939 29
1731877829827 0.0017595469253137708 30
1731877830740 0.0017790078418329358 31
1731877831668 0.0018454456003382802 32
1731877832619 0.0018413534853607416 33
1731877833611 0.0016042335191741586 34
1731877834596 0.001862828736193478 35
1731877835664 0.0016541032819077373 36
1731877836609 0.0015988013474270701 37
1731877837506 0.001739692990668118 38
1731877838410 0.0017435811460018158 39
1731877839347 0.0015284105902537704 40
1731877840441 0.0016049605328589678 41
1731877841362 0.001577794086188078 42
1731877842393 0.001479784375987947 43
1731877843329 0.0016121783992275596 44
1731877844343 0.0014194735558703542 45
1731877845243 0.0014744047075510025 46
1731877846174 0.0014543647412210703 47
1731877847084 0.0014439226360991597 48
1731877848019 0.0015258240746334195 49
