1731872072681 0.05653299763798714 0
1731872073490 0.012906614691019058 1
1731872074335 0.008165069855749607 2
1731872075109 0.006061030086129904 3
1731872076088 0.004473804496228695 4
1731872076770 0.003908796235918999 5
1731872077494 0.0037814010865986347 6
1731872078187 0.003570107975974679 7
1731872078864 0.00332787842489779 8
1731872079533 0.003562980331480503 9
1731872080324 0.0032505751587450504 10
1731872080985 0.0028688409365713596 11
1731872081806 0.0029985050205141306 12
1731872082604 0.003079544985666871 13
1731872083487 0.002717268420383334 14
1731872084187 0.002959297504276037 15
1731872085022 0.0025539337657392025 16
1731872085727 0.0028403622563928366 17
1731872086405 0.0029312733095139265 18
1731872087064 0.003375872503966093 19
1731872087846 0.0033167777583003044 20
1731872088549 0.0031062245834618807 21
1731872089298 0.002572424942627549 22
1731872089989 0.0024047892075031996 23
1731872090693 0.002459063660353422 24
1731872091372 0.0022635937202721834 25
1731872092039 0.0020988655742257833 26
1731872092717 0.0022903364151716232 27
1731872093415 0.002106867730617523 28
1731872094501 0.0021966330241411924 29
1731872095345 0.002009329153224826 30
1731872096132 0.002131920075044036 31
1731872096802 0.002025947906076908 32
1731872097625 0.0021688544657081366 33
1731872098430 0.0020126388408243656 34
1731872099229 0.0020248773507773876 35
1731872099964 0.0026524770073592663 36
1731872100771 0.0022883545607328415 37
1731872101593 0.001982414396479726 38
1731872102307 0.00186027935706079 39
1731872103303 0.002055983990430832 40
1731872103971 0.0019415987189859152 41
1731872104810 0.0018112403340637684 42
1731872105488 0.001783084822818637 43
1731872106172 0.0016880529001355171 44
1731872106898 0.0017436951166018844 45
1731872107594 0.001871124841272831 46
1731872108353 0.0016697178361937404 47
1731872109048 0.0016905261436477304 48
1731872109926 0.0018914762185886502 49
