1731858485859 0.0928364247083664 0
1731858486434 0.01582849770784378 1
1731858486942 0.03355318680405617 2
1731858487506 0.007745049893856049 3
1731858487984 0.004356477875262499 4
1731858488464 0.004012166056782007 5
1731858488955 0.003747902112081647 6
1731858489437 0.0030624561477452517 7
1731858489911 0.002177309477701783 8
1731858490388 0.0021436535753309727 9
1731858490858 0.002647572662681341 10
1731858491352 0.002998488023877144 11
1731858491828 0.0025414128322154284 12
1731858492396 0.0023915322963148355 13
1731858492875 0.002142855431884527 14
1731858493457 0.0021312283352017403 15
1731858493943 0.0020493443589657545 16
1731858494418 0.0020012478344142437 17
1731858494894 0.0018593310378491879 18
1731858495364 0.002316928468644619 19
1731858495857 0.0021272466983646154 20
1731858496336 0.002382536418735981 21
1731858496877 0.0021409394685178995 22
1731858497342 0.0018524487968534231 23
1731858497814 0.002222368959337473 24
1731858498303 0.002091100439429283 25
1731858498772 0.001609441707842052 26
1731858499244 0.0017980088014155626 27
1731858499721 0.001568624284118414 28
1731858500192 0.0017573232762515545 29
1731858500838 0.0018557187868282199 30
1731858501393 0.001980867935344577 31
1731858502065 0.0017747366800904274 32
1731858502667 0.0019127532141283154 33
1731858503184 0.00161759986076504 34
1731858503942 0.0017686799401417375 35
1731858504416 0.0015318813966587186 36
1731858504918 0.002137607429176569 37
1731858505403 0.0020956506486982107 38
1731858505878 0.0015823951689526439 39
1731858506347 0.0014803223311901093 40
1731858506819 0.0015298639191314578 41
1731858507403 0.0014911525649949908 42
1731858507885 0.0013746839249506593 43
1731858508357 0.0016745297471061349 44
1731858508835 0.0016244532307609916 45
1731858509330 0.002010237192735076 46
1731858509815 0.0021120139863342047 47
1731858510287 0.0015268441056832671 48
1731858510759 0.002279491163790226 49
