1731883308206 0.05345544219017029 0
1731883308572 0.02344409003853798 1
1731883308977 0.011946426704525948 2
1731883309512 0.006858364678919315 3
1731883309801 0.006772573571652174 4
1731883310171 0.004598154686391354 5
1731883310399 0.005383074749261141 6
1731883310636 0.004330343101173639 7
1731883310867 0.005182476714253426 8
1731883311412 0.004586793482303619 9
1731883311682 0.004728915169835091 10
1731883311946 0.0038790435064584017 11
1731883312319 0.004464641213417053 12
1731883312551 0.003076782450079918 13
1731883312786 0.003925569821149111 14
1731883313011 0.0031154477037489414 15
1731883313238 0.003770474810153246 16
1731883313466 0.003350201528519392 17
1731883313837 0.003689355216920376 18
1731883314060 0.0032175842206925154 19
1731883314306 0.0037296819500625134 20
1731883314547 0.002975161885842681 21
1731883314908 0.0033388270530849695 22
1731883315132 0.0021648150868713856 23
1731883315362 0.0027553969994187355 24
1731883315600 0.0033211493864655495 25
1731883315829 0.0024978865403681993 26
1731883316116 0.0032284301705658436 27
1731883316352 0.0029804089572280645 28
1731883316920 0.002735443413257599 29
1731883317296 0.002424948150292039 30
1731883317685 0.0022209039889276028 31
1731883317926 0.0022061315830796957 32
1731883318150 0.0021997238509356976 33
1731883318378 0.0028236573562026024 34
1731883318604 0.002806270495057106 35
1731883318828 0.0023845357354730368 36
1731883319052 0.0029546874575316906 37
1731883319299 0.0016420524334535003 38
1731883319529 0.002087035682052374 39
1731883319760 0.0028942690696567297 40
1731883319990 0.0024735690094530582 41
1731883320258 0.001651501632295549 42
1731883320523 0.002562610898166895 43
1731883320761 0.001677520340308547 44
1731883321120 0.0025497416500002146 45
1731883321341 0.0021728919818997383 46
1731883321603 0.0021800531540066004 47
1731883321836 0.002114978851750493 48
1731883322058 0.0031238626688718796 49
