1731883564116 0.06382302194833755 0
1731883565225 0.018300119787454605 1
1731883566322 0.014937466941773891 2
1731883567422 0.007767351344227791 3
1731883568513 0.009997384622693062 4
1731883570062 0.004706869833171368 5
1731883571006 0.009042509831488132 6
1731883572088 0.006671390496194363 7
1731883573022 0.007816997356712818 8
1731883573919 0.00548661220818758 9
1731883574855 0.004800739232450724 10
1731883576074 0.0057602329179644585 11
1731883577256 0.0034123079385608435 12
1731883578169 0.006710941903293133 13
1731883579070 0.005179237108677626 14
1731883580000 0.002254259306937456 15
1731883580931 0.006415963172912598 16
1731883582046 0.003774921642616391 17
1731883582955 0.0041517894715070724 18
1731883583872 0.003588874824345112 19
1731883584803 0.0020227127242833376 20
1731883585724 0.004021293483674526 21
1731883586638 0.0025561354123055935 22
1731883587802 0.0033042395953089 23
1731883588712 0.002648238791152835 24
1731883589642 0.0028663529083132744 25
1731883590542 0.001806124928407371 26
1731883591884 0.0036448983009904623 27
1731883592831 0.003212409093976021 28
1731883593797 0.004233802668750286 29
1731883594794 0.0024526913184672594 30
1731883595769 0.003842943115159869 31
1731883596773 0.0027441740967333317 32
1731883597804 0.0018204387743026018 33
1731883599317 0.002858326304703951 34
1731883600291 0.0028898371383547783 35
1731883601286 0.003004266880452633 36
1731883602268 0.0015591351548209786 37
1731883603193 0.003125434974208474 38
1731883604127 0.0025755958631634712 39
1731883605034 0.0022077697794884443 40
1731883605960 0.0028093375731259584 41
1731883606856 0.002441670512780547 42
1731883607957 0.002542495960369706 43
1731883608888 0.0012933920370414853 44
1731883609798 0.002434805268421769 45
1731883611146 0.0023366757668554783 46
1731883612072 0.0022722873836755753 47
1731883612976 0.00228102901019156 48
1731883613910 0.002681890968233347 49
