1731851671355 0.09540694206953049 0
1731851672186 0.012925191782414913 1
1731851672703 0.031190669164061546 2
1731851673290 0.010069725103676319 3
1731851673889 0.007450966630131006 4
1731851674404 0.01041989866644144 5
1731851674915 0.007423067931085825 6
1731851675502 0.0051453933119773865 7
1731851676000 0.005248220171779394 8
1731851676633 0.004855869337916374 9
1731851677214 0.004522258881479502 10
1731851677769 0.004325429443269968 11
1731851678383 0.00440795486792922 12
1731851679169 0.0049455794505774975 13
1731851679852 0.005143285263329744 14
1731851680399 0.004142687190324068 15
1731851680997 0.0041960375383496284 16
1731851681750 0.0037708450108766556 17
1731851682299 0.0035735582932829857 18
1731851682816 0.003584005171433091 19
1731851683407 0.003908573184162378 20
1731851684030 0.0035876373294740915 21
1731851684537 0.0033677280880510807 22
1731851685033 0.003288786858320236 23
1731851685676 0.0032108814921230078 24
1731851686266 0.0033115800470113754 25
1731851686850 0.003516201628372073 26
1731851687375 0.0032929435838013887 27
1731851688019 0.0034705623984336853 28
1731851688583 0.003624862292781472 29
1731851689094 0.0029019482899457216 30
1731851689602 0.0028623410034924746 31
1731851690217 0.0028714078944176435 32
1731851691005 0.003455802798271179 33
1731851691779 0.00394925894215703 34
1731851692331 0.003005740698426962 35
1731851693016 0.0029651327058672905 36
1731851693970 0.004513402469456196 37
1731851694495 0.0027846619486808777 38
1731851695184 0.002739055547863245 39
1731851695778 0.0028408740181475878 40
1731851696341 0.0027668429538607597 41
1731851696848 0.003624401055276394 42
1731851697334 0.0026764858048409224 43
1731851697916 0.002686760388314724 44
1731851698447 0.00254654954187572 45
1731851698965 0.002693433780223131 46
1731851699567 0.002578832907602191 47
1731851700102 0.0027998355217278004 48
1731851700805 0.002843372756615281 49
