1731875593045 0.013606381602585316 0
1731875593661 0.003350526560097933 1
1731875594304 0.0025906898081302643 2
1731875594803 0.002782902680337429 3
1731875595409 0.002166397636756301 4
1731875595964 0.002175725996494293 5
1731875596499 0.002025298774242401 6
1731875597008 0.002112824935466051 7
1731875597607 0.0020636292174458504 8
1731875598109 0.0019246423617005348 9
1731875598739 0.0017607002519071102 10
1731875599253 0.0018293980974704027 11
1731875599860 0.0018239887431263924 12
1731875600364 0.0017130805645138025 13
1731875600984 0.0018302431562915444 14
1731875601533 0.001710716518573463 15
1731875602200 0.0017328790854662657 16
1731875602720 0.0016658323584124446 17
1731875603254 0.0016367168864235282 18
1731875603755 0.0017160841962322593 19
1731875604267 0.0013735846150666475 20
1731875604812 0.0015867985785007477 21
1731875605340 0.0015749478479847312 22
1731875605843 0.0015695851761847734 23
1731875606341 0.0018642261857166886 24
1731875606847 0.0014968590112403035 25
1731875607396 0.0016891692066565156 26
1731875607944 0.0014581785071641207 27
1731875608447 0.0015931560192257166 28
1731875609054 0.0016894940054044127 29
1731875609548 0.0017237062565982342 30
1731875610092 0.0015501489397138357 31
1731875610592 0.001454977667890489 32
1731875611098 0.0014542948920279741 33
1731875611600 0.0014482565457001328 34
1731875612170 0.001452363678254187 35
1731875612750 0.0014175884425640106 36
1731875613422 0.0014540875563398004 37
1731875613926 0.0014206208288669586 38
1731875614473 0.0014703734777867794 39
1731875614980 0.0013010255061089993 40
1731875615487 0.0013398397713899612 41
1731875616046 0.0014028813457116485 42
1731875616545 0.001465879031457007 43
1731875617094 0.0013751796213909984 44
1731875617600 0.0013038008473813534 45
1731875618112 0.0012615770101547241 46
1731875618665 0.001284556114114821 47
1731875619206 0.0012732025934383273 48
1731875619810 0.001309866551309824 49
