1731875195973 0.01725602149963379 0
1731875197289 0.0028295652009546757 1
1731875198548 0.0020520633552223444 2
1731875199641 0.002060024533420801 3
1731875200697 0.0018753113690763712 4
1731875201875 0.002270305762067437 5
1731875203187 0.0017340860795229673 6
1731875204463 0.0017287381924688816 7
1731875205904 0.0012802412966266274 8
1731875207148 0.0013741026632487774 9
1731875208249 0.0015098281437531114 10
1731875209459 0.0015833236975595355 11
1731875210552 0.001517192693427205 12
1731875211618 0.0013931536814197898 13
1731875212830 0.001226221676915884 14
1731875214133 0.0013274509692564607 15
1731875215321 0.0011802333174273372 16
1731875216380 0.001323929289355874 17
1731875217458 0.0012133343843743205 18
1731875218586 0.0013029061956331134 19
1731875219667 0.0010939131025224924 20
1731875220753 0.0011323947692289948 21
1731875221935 0.0011575185926631093 22
1731875223275 0.0013094516471028328 23
1731875224417 0.0010921959765255451 24
1731875225475 0.0012163874926045537 25
1731875226567 0.001237340271472931 26
1731875227669 0.0013754277024418116 27
1731875228797 0.0011624612379819155 28
1731875229872 0.0014399467036128044 29
1731875231041 0.0011124913580715656 30
1731875232216 0.0010015201987698674 31
1731875233315 0.0010643732966855168 32
1731875234381 0.0010436603333801031 33
1731875235605 0.0010526652913540602 34
1731875236678 0.0009590876870788634 35
1731875237804 0.0009230743744410574 36
1731875238910 0.0010638845851644874 37
1731875239973 0.0010899186599999666 38
1731875241171 0.001250870293006301 39
1731875242305 0.000847589981276542 40
1731875243421 0.0011491794139146805 41
1731875244603 0.0010182909900322556 42
1731875245720 0.0010200988035649061 43
1731875246858 0.0010584060801193118 44
1731875248083 0.0008340830099768937 45
1731875249206 0.0010904945665970445 46
1731875250303 0.0009775656508281827 47
1731875251395 0.0009943590266630054 48
1731875252548 0.000954172108322382 49
