1731866826926 0.061316072940826416 0
1731866827648 0.010107500478625298 1
1731866828291 0.004643276333808899 2
1731866828853 0.005681145004928112 3
1731866829492 0.002701772842556238 4
1731866830080 0.0022367441561073065 5
1731866830645 0.0043470426462590694 6
1731866831201 0.005310978274792433 7
1731866831849 0.0020225076004862785 8
1731866832414 0.0020255898125469685 9
1731866833225 0.002175782108679414 10
1731866833839 0.006978999357670546 11
1731866834454 0.00274052401073277 12
1731866835106 0.0032437958288937807 13
1731866835720 0.0018200611229985952 14
1731866836308 0.0016986344708129764 15
1731866837029 0.001950918696820736 16
1731866837610 0.0022109781857579947 17
1731866838180 0.0017562482971698046 18
1731866838770 0.0016876925947144628 19
1731866839386 0.0020508761517703533 20
1731866839983 0.0016499870689585805 21
1731866840513 0.00171154725831002 22
1731866841081 0.001700455555692315 23
1731866841774 0.0027768993750214577 24
1731866842311 0.0030301688238978386 25
1731866842865 0.0022337445989251137 26
1731866843424 0.001810941263101995 27
1731866844274 0.0019108890555799007 28
1731866844823 0.0016801008023321629 29
1731866845358 0.0015533016994595528 30
1731866845916 0.0015418019611388445 31
1731866846486 0.0015302622923627496 32
1731866847156 0.001579520758241415 33
1731866847706 0.001582321128807962 34
1731866848234 0.0015320329694077373 35
1731866848813 0.0014690632233396173 36
1731866849386 0.0015012588119134307 37
1731866849967 0.0016943728551268578 38
1731866850531 0.0017076237127184868 39
1731866851109 0.0021503076422959566 40
1731866851662 0.0018182552885264158 41
1731866852331 0.0013223838759586215 42
1731866852886 0.0015443298034369946 43
1731866853444 0.00170600856654346 44
1731866854148 0.0025431120302528143 45
1731866854811 0.0016322839073836803 46
1731866855345 0.0015458686975762248 47
1731866855939 0.001302197459153831 48
1731866856485 0.0012244486715644598 49
