1731848891712 0.16459329426288605 0
1731848892409 0.16459329426288605 1
1731848893046 0.16459335386753082 2
1731848893678 0.16459327936172485 3
1731848895140 0.16459330916404724 4
1731848895999 0.16459326446056366 5
1731848896728 0.16459329426288605 6
1731848897458 0.16459327936172485 7
1731848898537 0.16459326446056366 8
1731848899083 0.16459330916404724 9
1731848899733 0.16459329426288605 10
1731848900313 0.16459326446056366 11
1731848900904 0.16459327936172485 12
1731848902054 0.16459329426288605 13
1731848902790 0.16459329426288605 14
1731848903361 0.16459326446056366 15
1731848903910 0.16459327936172485 16
1731848904481 0.16459327936172485 17
1731848905005 0.16459332406520844 18
1731848905570 0.16459332406520844 19
1731848906107 0.16459329426288605 20
1731848906678 0.16459326446056366 21
1731848907221 0.16459327936172485 22
1731848907762 0.16459329426288605 23
1731848908313 0.16459327936172485 24
1731848908840 0.16459329426288605 25
1731848909422 0.16459330916404724 26
1731848909988 0.16459329426288605 27
1731848910525 0.16459327936172485 28
1731848911081 0.16459330916404724 29
1731848911639 0.16459333896636963 30
1731848912193 0.16459327936172485 31
1731848912760 0.16459333896636963 32
1731848913410 0.16459329426288605 33
1731848913983 0.16459327936172485 34
1731848914599 0.16459327936172485 35
1731848915187 0.16459327936172485 36
1731848915752 0.16459332406520844 37
1731848916273 0.16459330916404724 38
1731848916854 0.16459324955940247 39
1731848917528 0.16459332406520844 40
1731848918093 0.16459332406520844 41
1731848918643 0.16459329426288605 42
1731848919171 0.16459327936172485 43
1731848919715 0.16459329426288605 44
1731848920269 0.16459326446056366 45
1731848920813 0.16459329426288605 46
1731848921365 0.16459330916404724 47
1731848921899 0.16459327936172485 48
1731848922633 0.16459327936172485 49
1731848923169 0.16459332406520844 50
1731848923700 0.16459332406520844 51
1731848924266 0.16459327936172485 52
1731848924794 0.16459326446056366 53
1731848925348 0.16459327936172485 54
1731848925900 0.16459329426288605 55
1731848926434 0.16459329426288605 56
1731848926979 0.16459327936172485 57
1731848927556 0.16459332406520844 58
1731848928095 0.16459326446056366 59
1731848928645 0.16459329426288605 60
1731848929184 0.16459329426288605 61
1731848929757 0.16459332406520844 62
1731848930298 0.16459324955940247 63
1731848930828 0.16459329426288605 64
1731848931513 0.16459327936172485 65
1731848932087 0.16459327936172485 66
1731848932640 0.16459326446056366 67
1731848933177 0.16459329426288605 68
1731848933716 0.16459329426288605 69
1731848934309 0.16459330916404724 70
1731848934842 0.16459327936172485 71
1731848935395 0.16459324955940247 72
1731848935924 0.16459329426288605 73
1731848936483 0.16459327936172485 74
1731848937041 0.16459332406520844 75
1731848937578 0.16459330916404724 76
1731848938114 0.16459326446056366 77
1731848938692 0.16459332406520844 78
1731848939222 0.16459324955940247 79
1731848939919 0.16459329426288605 80
1731848940456 0.16459324955940247 81
1731848941041 0.16459323465824127 82
1731848941579 0.16459329426288605 83
1731848942128 0.16459327936172485 84
1731848942680 0.16459332406520844 85
1731848943243 0.16459327936172485 86
1731848943800 0.16459329426288605 87
1731848944338 0.16459327936172485 88
1731848944870 0.16459327936172485 89
1731848945444 0.16459327936172485 90
1731848945987 0.16459332406520844 91
1731848946548 0.16459330916404724 92
1731848947142 0.16459330916404724 93
1731848947797 0.16459330916404724 94
1731848948348 0.16459329426288605 95
1731848948884 0.16459333896636963 96
1731848949418 0.16459327936172485 97
1731848949993 0.16459330916404724 98
1731848950527 0.16459329426288605 99
