1731880975546 0.1204003095626831 0
1731880976381 0.018734805285930634 1
1731880977215 0.011096356436610222 2
1731880978066 0.007059617433696985 3
1731880978782 0.008315426297485828 4
1731880979627 0.0070132785476744175 5
1731880980358 0.006243683863431215 6
1731880981008 0.005297103896737099 7
1731880981705 0.0035621782299131155 8
1731880982408 0.002756894798949361 9
1731880983431 0.005245252978056669 10
1731880984159 0.004220382776111364 11
1731880984849 0.004365959670394659 12
1731880985711 0.003271483350545168 13
1731880986413 0.004796434193849564 14
1731880987115 0.004397046286612749 15
1731880987835 0.0033606593497097492 16
1731880988532 0.0028111778665333986 17
1731880989273 0.0026693728286772966 18
1731880989992 0.003380466951057315 19
1731880990694 0.0029660919681191444 20
1731880991398 0.0026631858199834824 21
1731880992098 0.002739707240834832 22
1731880992811 0.002636527642607689 23
1731880993500 0.002871699631214142 24
1731880994237 0.002299131127074361 25
1731880995130 0.0032925615087151527 26
1731880995967 0.002630210015922785 27
1731880996664 0.002504942938685417 28
1731880997628 0.0021551845129579306 29
1731880998509 0.002678892109543085 30
1731880999242 0.002731354907155037 31
1731880999942 0.0026066391728818417 32
1731881000667 0.002168412087485194 33
1731881001497 0.0022843857295811176 34
1731881002188 0.001835601287893951 35
1731881002919 0.002685743384063244 36
1731881003623 0.0017124307341873646 37
1731881004360 0.0023555634543299675 38
1731881005076 0.002260833280161023 39
1731881005977 0.0025953934527933598 40
1731881006732 0.001693957601673901 41
1731881007468 0.0019807741045951843 42
1731881008176 0.0021098898723721504 43
1731881008878 0.002369494177401066 44
1731881009659 0.0020707654766738415 45
1731881010431 0.0019388619111850858 46
1731881011150 0.0020111592020839453 47
1731881011874 0.0015035627875477076 48
1731881012622 0.0021291158627718687 49
