1731882435135 0.027314163744449615 0
1731882435740 0.006240492686629295 1
1731882436252 0.0036169644445180893 2
1731882436755 0.004768459126353264 3
1731882437246 0.005005603656172752 4
1731882437724 0.002604924375191331 5
1731882438343 0.005598758812993765 6
1731882438854 0.0030742271337658167 7
1731882439295 0.0026854495517909527 8
1731882439932 0.004078049678355455 9
1731882440636 0.003258073003962636 10
1731882441123 0.002298749517649412 11
1731882441621 0.0023963788989931345 12
1731882442202 0.003175904741510749 13
1731882442672 0.0017314604483544827 14
1731882443140 0.0029986994341015816 15
1731882443735 0.0018340281676501036 16
1731882444486 0.0025511907879263163 17
1731882444954 0.0024772409815341234 18
1731882445406 0.001953576458618045 19
1731882445869 0.0023760544136166573 20
1731882446447 0.003137697232887149 21
1731882446940 0.0017266407376155257 22
1731882447394 0.0028495548758655787 23
1731882447977 0.001590335974469781 24
1731882448444 0.002157792914658785 25
1731882449047 0.0026866623666137457 26
1731882449502 0.001563418423756957 27
1731882449968 0.0019291384378448129 28
1731882450434 0.002285344759002328 29
1731882450893 0.0016147058922797441 30
1731882451365 0.0020776502788066864 31
1731882451837 0.001748614595271647 32
1731882452300 0.0018086554482579231 33
1731882452814 0.0020080050453543663 34
1731882453330 0.0015249099815264344 35
1731882453865 0.0014893014449626207 36
1731882454380 0.0018053129315376282 37
1731882455080 0.001871308428235352 38
1731882455598 0.002157598501071334 39
1731882456539 0.0018089042278006673 40
1731882457062 0.0019254905637353659 41
1731882457529 0.0015316118951886892 42
1731882457990 0.0022290858905762434 43
1731882458448 0.0011620087316259742 44
1731882459017 0.0018271226435899734 45
1731882459483 0.001727737719193101 46
1731882459941 0.0017405756516382098 47
1731882460411 0.0015315897762775421 48
1731882460972 0.001719076419249177 49
