1731851562043 0.059800297021865845 0
1731851562732 0.003407564712688327 1
1731851563321 0.002842921996489167 2
1731851563863 0.002133301692083478 3
1731851564545 0.002095254370942712 4
1731851565254 0.002396222436800599 5
1731851565841 0.0017493243794888258 6
1731851567073 0.0030626696534454823 7
1731851567592 0.0031325235031545162 8
1731851568237 0.0013636265648528934 9
1731851569320 0.0015791197074577212 10
1731851570048 0.0014984727604314685 11
1731851570828 0.0018170017283409834 12
1731851571543 0.0016462914645671844 13
1731851572157 0.0014330532867461443 14
1731851572816 0.0016227713786065578 15
1731851573558 0.0029437802731990814 16
1731851574188 0.0014775242889299989 17
1731851574977 0.0012431589420884848 18
1731851575585 0.0014496685471385717 19
1731851576187 0.0012817045208066702 20
1731851576948 0.0016549017746001482 21
1731851577636 0.001128855743445456 22
1731851578221 0.0015145111829042435 23
1731851578845 0.0013240337138995528 24
1731851579347 0.0010136187775060534 25
1731851579863 0.0010694580851122737 26
1731851580480 0.0011072854977101088 27
1731851581698 0.001200385275296867 28
1731851582411 0.0013070107670500875 29
1731851583030 0.001191035844385624 30
1731851583632 0.0013987282291054726 31
1731851584512 0.0011237869039177895 32
1731851585089 0.0010541460942476988 33
1731851585754 0.001172249554656446 34
1731851586345 0.001008827704936266 35
1731851586918 0.0010575905907899141 36
1731851587422 0.0010193467605859041 37
1731851587969 0.0010671478230506182 38
1731851588636 0.0011307651875540614 39
1731851589228 0.0010497125331312418 40
1731851589822 0.0010139341466128826 41
1731851590368 0.0010134477633982897 42
1731851590884 0.0009252715390175581 43
1731851591412 0.0009020118159241974 44
1731851592029 0.0016802290920168161 45
1731851592576 0.0010895411251112819 46
1731851593383 0.0008893205667845905 47
1731851593945 0.0009775093058124185 48
1731851594507 0.0009134123683907092 49
