1731859532044 0.09094393998384476 0
1731859532681 0.03755166381597519 1
1731859533305 0.019515281543135643 2
1731859533914 0.014760326594114304 3
1731859534453 0.012107610702514648 4
1731859535064 0.012146412394940853 5
1731859535585 0.014423161745071411 6
1731859536084 0.010719753801822662 7
1731859536630 0.009286586195230484 8
1731859537142 0.00851459987461567 9
1731859537803 0.008306688629090786 10
1731859538422 0.006373587530106306 11
1731859538966 0.006752119865268469 12
1731859539545 0.0065260473638772964 13
1731859540146 0.005848307628184557 14
1731859540775 0.005795955657958984 15
1731859541320 0.005720256362110376 16
1731859541834 0.005195846315473318 17
1731859542338 0.006589855067431927 18
1731859542940 0.005183475557714701 19
1731859543599 0.004455003887414932 20
1731859544115 0.005804040469229221 21
1731859544625 0.0055505819618701935 22
1731859545139 0.004402231890708208 23
1731859545677 0.0038672841619700193 24
1731859546471 0.004036741331219673 25
1731859547088 0.00350983371026814 26
1731859547706 0.003911379259079695 27
1731859548363 0.004621498752385378 28
1731859548880 0.010145408101379871 29
1731859549395 0.00906370673328638 30
1731859549912 0.0037520257756114006 31
1731859550444 0.004089176654815674 32
1731859550951 0.00387054611928761 33
1731859551557 0.0032177777029573917 34
1731859552070 0.0034937020391225815 35
1731859552605 0.0030044827144593 36
1731859553213 0.003303451929241419 37
1731859553726 0.00391631294041872 38
1731859554235 0.006636173464357853 39
1731859554770 0.0028317254036664963 40
1731859555288 0.002892423188313842 41
1731859555948 0.0028305009473115206 42
1731859556465 0.0026115402579307556 43
1731859557008 0.0025944728404283524 44
1731859557526 0.0028192929457873106 45
1731859558039 0.0034054818097501993 46
1731859558558 0.004995110910385847 47
1731859559042 0.0025508846156299114 48
1731859559571 0.004016433376818895 49
