1731867227231 0.0419638566672802 0
1731867227873 0.006507646292448044 1
1731867228492 0.0054886313155293465 2
1731867229182 0.002467924263328314 3
1731867229917 0.0031679284293204546 4
1731867230676 0.002260003937408328 5
1731867231187 0.0018915769178420305 6
1731867231698 0.002037795726209879 7
1731867232237 0.0029192755464464426 8
1731867232757 0.002196160377934575 9
1731867233286 0.002237921580672264 10
1731867233812 0.002286918694153428 11
1731867234344 0.0027694751042872667 12
1731867234861 0.0022616859059780836 13
1731867235380 0.0018256895709782839 14
1731867236001 0.0017299505416303873 15
1731867236542 0.0020215888507664204 16
1731867237065 0.002984156832098961 17
1731867237591 0.0019046558300033212 18
1731867238153 0.0019365630578249693 19
1731867238677 0.0032047592103481293 20
1731867239226 0.0030291585717350245 21
1731867239744 0.0014543661382049322 22
1731867240425 0.001982699614018202 23
1731867240943 0.0014554221415892243 24
1731867241598 0.0013935025781393051 25
1731867242218 0.0013483446091413498 26
1731867242868 0.0017261141911149025 27
1731867243398 0.001583961769938469 28
1731867243926 0.0013679539551958442 29
1731867244446 0.0015746969729661942 30
1731867244974 0.0014216103591024876 31
1731867245497 0.0015539212618023157 32
1731867246047 0.0012975514400750399 33
1731867246671 0.001252637943252921 34
1731867247184 0.001262199250049889 35
1731867247751 0.0013568077702075243 36
1731867248296 0.0016081735957413912 37
1731867249017 0.0012520734453573823 38
1731867249606 0.0012107582297176123 39
1731867250126 0.0012276554480195045 40
1731867250673 0.0011461389949545264 41
1731867251289 0.0012742432300001383 42
1731867251769 0.0013011061819270253 43
1731867252271 0.0017933278577402234 44
1731867252813 0.0011993380030617118 45
1731867253344 0.0012310805032029748 46
1731867254177 0.0013750422513112426 47
1731867254721 0.001255615265108645 48
1731867255256 0.001541019300930202 49
