1731850820183 0.08054279536008835 0
1731850821010 0.03250123932957649 1
1731850821646 0.026556488126516342 2
1731850822335 0.023981180042028427 3
1731850822969 0.020248863846063614 4
1731850823638 0.019063521176576614 5
1731850824345 0.016563978046178818 6
1731850825085 0.014321005903184414 7
1731850826857 0.012570192106068134 8
1731850828718 0.010905441828072071 9
1731850830460 0.008812136948108673 10
1731850831490 0.007734877057373524 11
1731850832417 0.006133816670626402 12
1731850833181 0.005207215901464224 13
1731850834052 0.004086565226316452 14
1731850834912 0.0033202762715518475 15
1731850835624 0.002619893988594413 16
1731850836746 0.0021494512911885977 17
1731850837555 0.0016877230955287814 18
1731850838583 0.0013742237351834774 19
1731850839495 0.001173545839264989 20
1731850840456 0.0009848008630797267 21
1731850841172 0.0008781238575465977 22
1731850841864 0.0007742125890217721 23
1731850842411 0.0007312649395316839 24
1731850843121 0.000692903297021985 25
1731850843681 0.0006589997210539877 26
1731850844277 0.0006411905633285642 27
1731850844849 0.0006220734212547541 28
1731850845530 0.000620699895080179 29
1731850846085 0.0006108221714384854 30
1731850846702 0.0006070421077311039 31
1731850847380 0.0006003122543916106 32
1731850847970 0.0006009773933328688 33
1731850848544 0.0005884452257305384 34
1731850849140 0.0005914517678320408 35
1731850849785 0.0005907643935643137 36
1731850850316 0.0005997883272357285 37
1731850850821 0.0005918613751418889 38
1731850851401 0.0005954603548161685 39
1731850851942 0.0005945209413766861 40
1731850852468 0.000596004887484014 41
1731850852999 0.0005964573356322944 42
1731850853536 0.0005956313689239323 43
1731850854263 0.0005948947509750724 44
1731850854772 0.0005813398747704923 45
1731850855367 0.0005994847160764039 46
1731850855939 0.0005939743132330477 47
1731850856577 0.0005941418930888176 48
1731850857091 0.0005929527105763555 49
