1731882482556 0.16903628408908844 0
1731882483619 0.1686490774154663 1
1731882484642 0.1683448702096939 2
1731882485650 0.10443686693906784 3
1731882486870 0.017613187432289124 4
1731882488154 0.008287498727440834 5
1731882489221 0.003618268994614482 6
1731882490093 0.010005800984799862 7
1731882490972 0.003693384351208806 8
1731882492052 0.007284270599484444 9
1731882492930 0.0034095528535544872 10
1731882493825 0.01062180008739233 11
1731882494727 0.0038383868522942066 12
1731882495608 0.003471403382718563 13
1731882496504 0.002840978791937232 14
1731882497395 0.004984028171747923 15
1731882498308 0.0025390214286744595 16
1731882499245 0.0028946741949766874 17
1731882500286 0.003775535151362419 18
1731882501180 0.0039005775470286608 19
1731882502201 0.004207898396998644 20
1731882503104 0.0030440641567111015 21
1731882504173 0.0017380703939124942 22
1731882505053 0.002907444955781102 23
1731882505908 0.002911674790084362 24
1731882506789 0.005190789233893156 25
1731882507707 0.0022163810208439827 26
1731882508601 0.0026004051323980093 27
1731882509509 0.0031959363259375095 28
1731882510465 0.002097389195114374 29
1731882511352 0.0027918152045458555 30
1731882512626 0.0040784538723528385 31
1731882513582 0.0017869132570922375 32
1731882514587 0.0016105088870972395 33
1731882515560 0.0021335764322429895 34
1731882516522 0.002828529104590416 35
1731882517514 0.004116481635719538 36
1731882518656 0.0012711990857496858 37
1731882519575 0.002083942759782076 38
1731882520478 0.002474092412739992 39
1731882521348 0.001610112376511097 40
1731882522252 0.0026587112806737423 41
1731882523144 0.002078600926324725 42
1731882524034 0.0029090826865285635 43
1731882524974 0.002168279606848955 44
1731882525854 0.0012073322432115674 45
1731882526754 0.002188141690567136 46
1731882527644 0.0012645330280065536 47
1731882528687 0.0013442346826195717 48
1731882529627 0.0020914687775075436 49
