1731858530152 0.04446520656347275 0
1731858530717 0.013738145120441914 1
1731858531288 0.007712539751082659 2
1731858531845 0.006540406029671431 3
1731858532412 0.0052789379842579365 4
1731858532986 0.0045666261576116085 5
1731858533463 0.0058927894569933414 6
1731858533964 0.005073090083897114 7
1731858534649 0.0086458595469594 8
1731858535219 0.005065483041107655 9
1731858535698 0.003931181970983744 10
1731858536197 0.003539278171956539 11
1731858536676 0.0035781448241323233 12
1731858537254 0.003283099038526416 13
1731858537959 0.0032461625523865223 14
1731858538452 0.00347739364951849 15
1731858539013 0.00380480894818902 16
1731858539494 0.004940693266689777 17
1731858539969 0.014440124854445457 18
1731858540448 0.011098762974143028 19
1731858540943 0.0032368479296565056 20
1731858541512 0.00299928430467844 21
1731858542074 0.0032240513246506453 22
1731858542636 0.0029814501758664846 23
1731858543138 0.0027112930547446012 24
1731858543845 0.0026652866508811712 25
1731858544330 0.002541488967835903 26
1731858544898 0.0026482308749109507 27
1731858545395 0.0024626022204756737 28
1731858545966 0.002795302774757147 29
1731858546435 0.0026586384046822786 30
1731858546999 0.0033356749918311834 31
1731858547487 0.0026378959883004427 32
1731858547960 0.0024726137053221464 33
1731858548422 0.0025992942973971367 34
1731858548882 0.002354186028242111 35
1731858549360 0.002763280877843499 36
1731858549858 0.0026685104239732027 37
1731858550330 0.0024781273677945137 38
1731858550894 0.0022803484462201595 39
1731858551375 0.002500134753063321 40
1731858551845 0.0023969756439328194 41
1731858552346 0.0022473055869340897 42
1731858552823 0.0023556805681437254 43
1731858553335 0.0023094459902495146 44
1731858553815 0.0024352758191525936 45
1731858554315 0.0020480684470385313 46
1731858554926 0.00219785631634295 47
1731858555413 0.002043845597654581 48
1731858555887 0.002382790669798851 49
