1731892285485 0.03692575916647911 0
1731892286242 0.0037202967796474695 1
1731892286912 0.0021965852938592434 2
1731892287663 0.0021686481777578592 3
1731892288263 0.0027857457753270864 4
1731892288926 0.0017753075808286667 5
1731892289571 0.0019849087111651897 6
1731892290320 0.001558044459670782 7
1731892291084 0.0020387526601552963 8
1731892291744 0.0016956605250015855 9
1731892292376 0.0018625964876264334 10
1731892293177 0.0015429495833814144 11
1731892293888 0.001484247506596148 12
1731892294531 0.0014464736450463533 13
1731892295427 0.0013522549998015165 14
1731892296100 0.0014615070540457964 15
1731892296740 0.0012781453551724553 16
1731892297385 0.0013632052578032017 17
1731892298030 0.0025963259395211935 18
1731892298700 0.0014779918128624558 19
1731892299347 0.0013635745272040367 20
1731892300085 0.0013748222263529897 21
1731892300747 0.0015221114736050367 22
1731892301384 0.0013448803219944239 23
1731892302029 0.0017709530657157302 24
1731892302678 0.0011704673524945974 25
1731892303359 0.0012289853766560555 26
1731892304103 0.0012984274653717875 27
1731892304740 0.0013559843646362424 28
1731892305412 0.0011450081365182996 29
1731892306060 0.0010834160493686795 30
1731892306704 0.0011891999747604132 31
1731892307346 0.0012199673801660538 32
1731892307998 0.0012609550030902028 33
1731892309010 0.0011252515250816941 34
1731892309663 0.0011101906420663 35
1731892310338 0.0011692988919094205 36
1731892310976 0.0010891687124967575 37
1731892311718 0.0011390972649678588 38
1731892312383 0.0015430641360580921 39
1731892313026 0.0013037141179665923 40
1731892313670 0.0014851695159450173 41
1731892314313 0.0012611886486411095 42
1731892314986 0.0010979517828673124 43
1731892315625 0.0009768697200343013 44
1731892316261 0.0011063289130106568 45
1731892316926 0.0012461148435249925 46
1731892317568 0.0012120441533625126 47
1731892318204 0.001278797979466617 48
1731892318844 0.0010226418962702155 49
