1731860431474 0.45796331763267517 0
1731860432287 0.18963471055030823 1
1731860432928 0.07993510365486145 2
1731860433615 0.03897004947066307 3
1731860434175 0.027776265516877174 4
1731860434817 0.01771644875407219 5
1731860435458 0.06785742193460464 6
1731860435976 0.03233656659722328 7
1731860436493 0.017860006541013718 8
1731860437036 0.012215735390782356 9
1731860437821 0.014196124859154224 10
1731860438338 0.012413504533469677 11
1731860438846 0.010794276371598244 12
1731860439374 0.0104386480525136 13
1731860439856 0.013314454816281796 14
1731860440495 0.00913730077445507 15
1731860441010 0.010159720666706562 16
1731860441552 0.0074511198326945305 17
1731860442065 0.00738630210980773 18
1731860442708 0.006985643412917852 19
1731860443228 0.006536173168569803 20
1731860443760 0.007256283424794674 21
1731860444275 0.008648736402392387 22
1731860444786 0.006215610075742006 23
1731860445428 0.008815694600343704 24
1731860445934 0.018212532624602318 25
1731860446460 0.010355792008340359 26
1731860446969 0.0063452282920479774 27
1731860447486 0.006096682511270046 28
1731860448290 0.006072101183235645 29
1731860448806 0.006204285193234682 30
1731860449376 0.00980888307094574 31
1731860449896 0.007253461983054876 32
1731860450426 0.005085050594061613 33
1731860450950 0.006170205306261778 34
1731860451459 0.005566329695284367 35
1731860451971 0.005533429328352213 36
1731860452624 0.006291735451668501 37
1731860453165 0.005738919135183096 38
1731860453675 0.004911205731332302 39
1731860454182 0.0053447093814611435 40
1731860454693 0.006417537573724985 41
1731860455229 0.006002246867865324 42
1731860455736 0.006550612393766642 43
1731860456251 0.009374606423079967 44
1731860456946 0.01029472891241312 45
1731860457937 0.008260081522166729 46
1731860458457 0.006098361685872078 47
1731860458977 0.004912484437227249 48
1731860459485 0.004956179764121771 49
