1731851398302 0.12010949850082397 0
1731851399110 0.07467544823884964 1
1731851399858 0.06601512432098389 2
1731851400575 0.06438005715608597 3
1731851401247 0.0636889711022377 4
1731851401970 0.06207479536533356 5
1731851402816 0.059991199523210526 6
1731851403558 0.058725547045469284 7
1731851404206 0.0578889362514019 8
1731851404870 0.056690216064453125 9
1731851405589 0.05347003415226936 10
1731851406326 0.05302605777978897 11
1731851407134 0.05074860528111458 12
1731851407882 0.048754848539829254 13
1731851408580 0.046958670020103455 14
1731851409558 0.04476720839738846 15
1731851410727 0.04329647868871689 16
1731851411610 0.041318345814943314 17
1731851412370 0.03902636468410492 18
1731851413205 0.035965852439403534 19
1731851413995 0.034955259412527084 20
1731851414913 0.032780058681964874 21
1731851415598 0.030443115159869194 22
1731851416175 0.028825445100665092 23
1731851416755 0.026650793850421906 24
1731851417332 0.025062503293156624 25
1731851418018 0.02355990745127201 26
1731851418741 0.022167153656482697 27
1731851419370 0.021325435489416122 28
1731851419862 0.020418770611286163 29
1731851420432 0.019478294998407364 30
1731851421026 0.019075455144047737 31
1731851421517 0.018639307469129562 32
1731851422227 0.018231544643640518 33
1731851422859 0.01788151077926159 34
1731851423608 0.01757875457406044 35
1731851424206 0.017340049147605896 36
1731851424868 0.017075391486287117 37
1731851426019 0.01684960164129734 38
1731851426824 0.016636429354548454 39
1731851427577 0.016436902806162834 40
1731851428184 0.016225434839725494 41
1731851428878 0.01603623665869236 42
1731851429599 0.015832964330911636 43
1731851430426 0.015641409903764725 44
1731851431108 0.015451092272996902 45
1731851431775 0.01526247151196003 46
1731851432403 0.015075241215527058 47
1731851433086 0.014905069023370743 48
1731851433676 0.014728033915162086 49
