1731871981660 0.05025903508067131 0
1731871983040 0.015057033859193325 1
1731871984398 0.011173739098012447 2
1731871985757 0.012118490412831306 3
1731871986956 0.004898718558251858 4
1731871988399 0.005947705823928118 5
1731871989686 0.007552136201411486 6
1731871990988 0.0038632797077298164 7
1731871992611 0.006806918419897556 8
1731871993891 0.006099130026996136 9
1731871995129 0.004540291149169207 10
1731871996377 0.004888452123850584 11
1731871997693 0.004252850543707609 12
1731871998972 0.004899259191006422 13
1731872000367 0.0032202815636992455 14
1731872001626 0.003070006612688303 15
1731872002914 0.003162265056744218 16
1731872004301 0.004131990019232035 17
1731872006137 0.0028073338326066732 18
1731872007344 0.003674772335216403 19
1731872008637 0.0028274913784116507 20
1731872009867 0.0038401002530008554 21
1731872011280 0.0028706383891403675 22
1731872012637 0.0024718288332223892 23
1731872013947 0.0029047296848148108 24
1731872015204 0.003306595142930746 25
1731872016478 0.002225274220108986 26
1731872018035 0.0034011283423751593 27
1731872019354 0.002416854025796056 28
1731872020626 0.0027783478144556284 29
1731872021964 0.002990339184179902 30
1731872023269 0.0023641828447580338 31
1731872024552 0.002307040384039283 32
1731872026128 0.0024921174626797438 33
1731872027864 0.0029574602376669645 34
1731872029209 0.002245987532660365 35
1731872030585 0.0021485176403075457 36
1731872031889 0.0022485852241516113 37
1731872033488 0.002626990433782339 38
1731872034833 0.002533957129344344 39
1731872036239 0.001922863069921732 40
1731872037553 0.002022836357355118 41
1731872039109 0.002299283863976598 42
1731872040403 0.002269849181175232 43
1731872041836 0.0019271611236035824 44
1731872043137 0.0028463054914027452 45
1731872044424 0.0016007204540073872 46
1731872045681 0.0022571005392819643 47
1731872047247 0.002024861751124263 48
1731872048525 0.0018951082602143288 49
