1731892566550 0.09244633466005325 0
1731892567069 0.00819328147917986 1
1731892567572 0.012422018684446812 2
1731892568006 0.006679877173155546 3
1731892568418 0.0032754468265920877 4
1731892568833 0.0030808723531663418 5
1731892569247 0.0030729197897017 6
1731892569659 0.0028730405028909445 7
1731892570077 0.002891622483730316 8
1731892570518 0.0026879834476858377 9
1731892571202 0.002777598099783063 10
1731892571612 0.0030193740967661142 11
1731892572020 0.002486209385097027 12
1731892572536 0.00255972589366138 13
1731892572949 0.002053581178188324 14
1731892573461 0.002096546581014991 15
1731892573876 0.0022571508307009935 16
1731892574283 0.0026203927118331194 17
1731892574710 0.003295348724350333 18
1731892575241 0.0021090616937726736 19
1731892575650 0.002074610209092498 20
1731892576154 0.0018348363228142262 21
1731892576560 0.002019258914515376 22
1731892576997 0.0024075820110738277 23
1731892577408 0.0020275225397199392 24
1731892577816 0.0018790123285725713 25
1731892578227 0.0019667870365083218 26
1731892578638 0.001737218932248652 27
1731892579157 0.0018709319410845637 28
1731892579590 0.0017128476174548268 29
1731892580269 0.001810768386349082 30
1731892580679 0.0017580993007868528 31
1731892581094 0.0021523279137909412 32
1731892581526 0.0019673884380608797 33
1731892582041 0.0015736647183075547 34
1731892582457 0.001592703047208488 35
1731892582874 0.001496288226917386 36
1731892583383 0.001651749829761684 37
1731892583910 0.0016158409416675568 38
1731892584319 0.001536500290967524 39
1731892584732 0.0018271282315254211 40
1731892585146 0.0015655996976420283 41
1731892585549 0.0014883775729686022 42
1731892585959 0.00145227019675076 43
1731892586363 0.0016947585390880704 44
1731892586775 0.0014579714043065906 45
1731892587280 0.0015603682259097695 46
1731892587689 0.00130334566347301 47
1731892588197 0.0017375876195728779 48
1731892588638 0.0014377065235748887 49
