1731892203806 0.061653751879930496 0
1731892204233 0.0066598509438335896 1
1731892204562 0.003861831035465002 2
1731892204974 0.0029767490923404694 3
1731892205400 0.002598884515464306 4
1731892205747 0.002556625986471772 5
1731892206080 0.002334767719730735 6
1731892206413 0.002455714624375105 7
1731892206738 0.0020836067851632833 8
1731892207077 0.002118554664775729 9
1731892207489 0.0020931295584887266 10
1731892207934 0.002033029682934284 11
1731892208354 0.0018994311103597283 12
1731892208678 0.0018798978999257088 13
1731892209008 0.002075632568448782 14
1731892209338 0.001789832254871726 15
1731892209664 0.0016178778605535626 16
1731892210112 0.0016506643733009696 17
1731892210688 0.0016614834312349558 18
1731892211024 0.0015799698885530233 19
1731892211350 0.001911550061777234 20
1731892211677 0.001663430011831224 21
1731892212004 0.0017945152940228581 22
1731892212354 0.0015875669196248055 23
1731892212680 0.001819233875721693 24
1731892213014 0.002583365887403488 25
1731892213345 0.0014629813376814127 26
1731892213761 0.001508111017756164 27
1731892214189 0.0013765661278739572 28
1731892214545 0.0013628160813823342 29
1731892214994 0.0013502287911251187 30
1731892215325 0.001275563845410943 31
1731892215654 0.0012837133836001158 32
1731892215978 0.001305468613281846 33
1731892216312 0.001176095916889608 34
1731892216639 0.0011212218087166548 35
1731892216988 0.001151186297647655 36
1731892217313 0.0012620791094377637 37
1731892217644 0.001185654429718852 38
1731892217967 0.0013183658011257648 39
1731892218297 0.0012471599038690329 40
1731892218714 0.0011539182160049677 41
1731892219072 0.0012555751018226147 42
1731892219404 0.0012630330165848136 43
1731892219726 0.001176298945210874 44
1731892220050 0.0010785444173961878 45
1731892220378 0.0011589413043111563 46
1731892220913 0.0012400730047374964 47
1731892221254 0.001211084658280015 48
1731892221601 0.0012632460566237569 49
