1731859257930 0.09010673314332962 0
1731859258539 0.018321866169571877 1
1731859259149 0.009685611352324486 2
1731859259632 0.012255237437784672 3
1731859260207 0.01920604519546032 4
1731859260694 0.025050682947039604 5
1731859261303 0.00672037061303854 6
1731859261782 0.005733993370085955 7
1731859262348 0.005527584347873926 8
1731859262919 0.004880971275269985 9
1731859263417 0.004923857748508453 10
1731859263907 0.004645130597054958 11
1731859264632 0.004381207749247551 12
1731859265207 0.004457173403352499 13
1731859265715 0.0044591110199689865 14
1731859266193 0.0046691494062542915 15
1731859266768 0.0038601793348789215 16
1731859267247 0.004536319989711046 17
1731859267736 0.004126035142689943 18
1731859268347 0.003902558935806155 19
1731859269018 0.0037354566156864166 20
1731859269498 0.0037843286991119385 21
1731859269994 0.0036384062841534615 22
1731859270492 0.0037212902680039406 23
1731859270971 0.004199227783828974 24
1731859271446 0.003789761569350958 25
1731859271929 0.004053926095366478 26
1731859272545 0.004471497144550085 27
1731859273109 0.00544622540473938 28
1731859273595 0.003641880117356777 29
1731859274078 0.0035434889141470194 30
1731859274576 0.003959541209042072 31
1731859275056 0.0033288714475929737 32
1731859275534 0.003136976854875684 33
1731859276019 0.0030207601375877857 34
1731859276591 0.003554702503606677 35
1731859277349 0.004101047292351723 36
1731859277843 0.0035313330590724945 37
1731859278319 0.0034404362086206675 38
1731859278899 0.003552037989720702 39
1731859279403 0.0027132576797157526 40
1731859279880 0.002478389535099268 41
1731859280365 0.0027465829625725746 42
1731859280843 0.0026372396387159824 43
1731859281328 0.0026381101924926043 44
1731859281833 0.0029208846390247345 45
1731859282319 0.0031518239993602037 46
1731859282800 0.0035144854336977005 47
1731859283284 0.0034134918823838234 48
1731859283762 0.0037137861363589764 49
