1731850999832 0.18064725399017334 0
1731851000607 0.17228202521800995 1
1731851001496 0.16888181865215302 2
1731851002296 0.1677030622959137 3
1731851003031 0.09209204465150833 4
1731851003927 0.019849330186843872 5
1731851004714 0.0050806524232029915 6
1731851005488 0.005299432668834925 7
1731851006170 0.013735015876591206 8
1731851006897 0.0067045558243989944 9
1731851008168 0.003361544804647565 10
1731851008803 0.003990183584392071 11
1731851009600 0.0038285416085273027 12
1731851010524 0.00501111289486289 13
1731851011333 0.0043898774310946465 14
1731851011892 0.004948292393237352 15
1731851012580 0.0038292810786515474 16
1731851013249 0.003375785890966654 17
1731851014084 0.0029570951592177153 18
1731851014949 0.0024527516216039658 19
1731851015539 0.0022390729282051325 20
1731851016124 0.0023717819713056087 21
1731851016721 0.002618627157062292 22
1731851017298 0.0024636052548885345 23
1731851017849 0.0022602162789553404 24
1731851018544 0.0030464071314781904 25
1731851019187 0.0020682630129158497 26
1731851020451 0.002904220949858427 27
1731851021233 0.00224253349006176 28
1731851021807 0.0022110810969024897 29
1731851022588 0.0020331984851509333 30
1731851023233 0.0021098458673805 31
1731851023934 0.0021061920560896397 32
1731851024505 0.002227694960311055 33
1731851025069 0.0033724952954798937 34
1731851025628 0.0021565756760537624 35
1731851026319 0.001895013963803649 36
1731851027115 0.002201056806370616 37
1731851027949 0.002066691406071186 38
1731851028612 0.003370076883584261 39
1731851029233 0.0022518804762512445 40
1731851029824 0.0024348043370991945 41
1731851030432 0.0023124979343265295 42
1731851031119 0.0026772664859890938 43
1731851031770 0.0032498291693627834 44
1731851032599 0.0033853992354124784 45
1731851033334 0.00297777378000319 46
1731851033854 0.003940043039619923 47
1731851034401 0.004510686732828617 48
1731851034937 0.0029242318123579025 49
