1731893320991 0.07564345002174377 0
1731893321489 0.017683474346995354 1
1731893322007 0.0063773272559046745 2
1731893322507 0.0031122472137212753 3
1731893322999 0.0037841866724193096 4
1731893323411 0.0036287489347159863 5
1731893323864 0.0035813371650874615 6
1731893324287 0.002817261265590787 7
1731893324691 0.0028803979512304068 8
1731893325093 0.0031865746714174747 9
1731893325498 0.002256048610433936 10
1731893325910 0.002164822770282626 11
1731893326418 0.002242742571979761 12
1731893326949 0.0022750648204237223 13
1731893327361 0.002132275840267539 14
1731893327901 0.0020600648131221533 15
1731893328290 0.0020805129315704107 16
1731893328701 0.0023043756373226643 17
1731893329110 0.0022059085313230753 18
1731893329504 0.0017675654962658882 19
1731893329903 0.0021319675724953413 20
1731893330398 0.002004134701564908 21
1731893330796 0.0017598472768440843 22
1731893331230 0.0019101357320323586 23
1731893331628 0.0017257387517020106 24
1731893332034 0.0019328530179336667 25
1731893332439 0.0018216816242784262 26
1731893332926 0.0015671008732169867 27
1731893333349 0.0019247838063165545 28
1731893333754 0.0017390006687492132 29
1731893334149 0.002055590273812413 30
1731893334546 0.0019312448566779494 31
1731893334952 0.001839877455495298 32
1731893335349 0.0017901185201480985 33
1731893335771 0.0015988453524187207 34
1731893336269 0.0014625327894464135 35
1731893336662 0.001682646689005196 36
1731893337055 0.001541887759231031 37
1731893337450 0.0018296660855412483 38
1731893337870 0.0014810786815360188 39
1731893338277 0.001744735985994339 40
1731893338811 0.0015848955372348428 41
1731893339210 0.0016942095244303346 42
1731893339605 0.0015113584231585264 43
1731893340002 0.0015669037820771337 44
1731893340434 0.001540366094559431 45
1731893340825 0.001501875463873148 46
1731893341312 0.0018087445059791207 47
1731893341710 0.0014964255969971418 48
1731893342104 0.0017197896959260106 49
