1731875404557 0.009221969172358513 0
1731875408023 0.0024201967753469944 1
1731875411311 0.002179359318688512 2
1731875414747 0.0017842620145529509 3
1731875418265 0.0024183110799640417 4
1731875421543 0.0015555318677797914 5
1731875424985 0.0016056402819231153 6
1731875428331 0.0012381259584799409 7
1731875431830 0.0013930215500295162 8
1731875435308 0.0016011649277061224 9
1731875438706 0.001733005978167057 10
1731875442336 0.0015407359460368752 11
1731875445585 0.0013775541447103024 12
1731875448942 0.0012816832168027759 13
1731875452359 0.0011558561818674207 14
1731875455661 0.001267933170311153 15
1731875459161 0.001205982523970306 16
1731875462491 0.0010835904395207763 17
1731875465796 0.0012071323581039906 18
1731875469161 0.0010526685509830713 19
1731875472690 0.001095981802791357 20
1731875475960 0.0011136818211525679 21
1731875479344 0.0011822361266240478 22
1731875482681 0.0011093491921201348 23
1731875486025 0.0011470804456621408 24
1731875489864 0.0010697341058403254 25
1731875493396 0.0011822286760434508 26
1731875496899 0.0010815891437232494 27
1731875500218 0.0011803075904026628 28
1731875503776 0.0009892935631796718 29
1731875507079 0.0010539575014263391 30
1731875510441 0.0009717427892610431 31
1731875513794 0.0013305724132806063 32
1731875517348 0.0010456611635163426 33
1731875520673 0.001164432498626411 34
1731875523961 0.0010496668983250856 35
1731875527484 0.0009483826579526067 36
1731875530749 0.0009850820060819387 37
1731875534229 0.0009823829168453813 38
1731875537587 0.0011121394345536828 39
1731875540903 0.000927906425204128 40
1731875544277 0.0010609691962599754 41
1731875548064 0.0009366458980366588 42
1731875551665 0.0009452939266338944 43
1731875555072 0.0011061300756409764 44
1731875558412 0.0009765333961695433 45
1731875561934 0.0012722121318802238 46
1731875565288 0.0009199138730764389 47
1731875568666 0.0008486707811243832 48
1731875571982 0.0011152204824611545 49
