1731874869194 0.16642872989177704 0
1731874871106 0.16589175164699554 1
1731874872871 0.12430285662412643 2
1731874874619 0.01110383216291666 3
1731874876653 0.001938126515597105 4
1731874878306 0.0022564814426004887 5
1731874880038 0.0016574342735111713 6
1731874881777 0.0016153352335095406 7
1731874883442 0.0014786592219024897 8
1731874885143 0.0015269897412508726 9
1731874887087 0.0013694503577426076 10
1731874889066 0.001307868049480021 11
1731874890778 0.0016125207766890526 12
1731874892578 0.001391082420013845 13
1731874894337 0.0014033445622771978 14
1731874896034 0.0016439289320260286 15
1731874897701 0.001478613936342299 16
1731874899500 0.0012154196156188846 17
1731874901362 0.0011687126243487 18
1731874903021 0.001534154755063355 19
1731874904676 0.0012417316902428865 20
1731874906328 0.0011875613126903772 21
1731874908116 0.0012194730807095766 22
1731874909898 0.0013244081055745482 23
1731874911772 0.0013758738059550524 24
1731874913442 0.0011900367680937052 25
1731874915257 0.0011541571002453566 26
1731874916873 0.0013978041242808104 27
1731874918574 0.0013990720035508275 28
1731874920283 0.0014170716749504209 29
1731874922119 0.0011446799617260695 30
1731874923934 0.0011819024803116918 31
1731874925604 0.0010768277570605278 32
1731874927288 0.0012360741384327412 33
1731874928976 0.00103572232183069 34
1731874930681 0.0011655873386189342 35
1731874932420 0.001157496590167284 36
1731874934265 0.0010536229237914085 37
1731874935961 0.0011344632366672158 38
1731874937821 0.0011008783476427197 39
1731874939520 0.0011792461154982448 40
1731874941353 0.0009325933060608804 41
1731874943020 0.0011291131377220154 42
1731874944740 0.0009893826209008694 43
1731874946487 0.0010666283778846264 44
1731874948173 0.0010184162529185414 45
1731874950237 0.0011662801261991262 46
1731874951877 0.001019042101688683 47
1731874953571 0.0011509418254718184 48
1731874955292 0.0009689732687547803 49
