1731874477691 0.025376206263899803 0
1731874478556 0.002425047568976879 1
1731874479287 0.0020288501400500536 2
1731874480064 0.0019710897468030453 3
1731874480804 0.0019409344531595707 4
1731874481421 0.0017218658467754722 5
1731874482089 0.0021373911295086145 6
1731874482764 0.0015701695811003447 7
1731874483483 0.0017359101912006736 8
1731874484147 0.0014895404456183314 9
1731874484779 0.0014719294849783182 10
1731874485398 0.0014147962210699916 11
1731874486123 0.0015866224421188235 12
1731874486964 0.001686698873527348 13
1731874487583 0.001465241308324039 14
1731874488217 0.0016048906836658716 15
1731874488912 0.001438206061720848 16
1731874489635 0.0016614760970696807 17
1731874490283 0.0012443532468751073 18
1731874490933 0.0013204942224547267 19
1731874491580 0.0015677835326641798 20
1731874492209 0.0012665583053603768 21
1731874492837 0.0013271479401737452 22
1731874493510 0.0012249605497345328 23
1731874494149 0.0010951765580102801 24
1731874494793 0.0013206241419538856 25
1731874495443 0.0010922839865088463 26
1731874496218 0.0010922098299488425 27
1731874497008 0.0011657725553959608 28
1731874497621 0.0012515640119090676 29
1731874498284 0.0010489493142813444 30
1731874498928 0.0011884589912369847 31
1731874499653 0.0011616897536441684 32
1731874500327 0.0010947827249765396 33
1731874500964 0.0009714956395328045 34
1731874501733 0.0009652166627347469 35
1731874502379 0.001039106515236199 36
1731874503145 0.0011263425694778562 37
1731874503846 0.0010287957265973091 38
1731874504521 0.001036054571159184 39
1731874505309 0.0011099211405962706 40
1731874505951 0.0010071240831166506 41
1731874506568 0.0010930465068668127 42
1731874507398 0.001082047587260604 43
1731874508079 0.001204644562676549 44
1731874508716 0.0010331395315006375 45
1731874509465 0.000991343753412366 46
1731874510105 0.0010429747635498643 47
1731874510740 0.0009902098681777716 48
1731874511360 0.0009323488920927048 49
