1731852054158 0.11593043804168701 0
1731852054977 0.08381980657577515 1
1731852055677 0.07809866219758987 2
1731852056428 0.07496313750743866 3
1731852057229 0.07082778215408325 4
1731852058003 0.06760838627815247 5
1731852058667 0.0653676837682724 6
1731852059591 0.06338690221309662 7
1731852060316 0.06103910878300667 8
1731852061246 0.058891553431749344 9
1731852061951 0.05759245529770851 10
1731852062591 0.05635024979710579 11
1731852063323 0.05535314977169037 12
1731852063968 0.05363650992512703 13
1731852064819 0.05332653596997261 14
1731852065507 0.052163541316986084 15
1731852066326 0.05130940303206444 16
1731852067307 0.050639137625694275 17
1731852068043 0.0498417392373085 18
1731852068727 0.04919124022126198 19
1731852069399 0.04869001358747482 20
1731852069986 0.04790111631155014 21
1731852070705 0.04703081399202347 22
1731852071348 0.04636434465646744 23
1731852071997 0.045952554792165756 24
1731852072624 0.04513800889253616 25
1731852073541 0.044432107359170914 26
1731852074284 0.04412571340799332 27
1731852075555 0.04316902160644531 28
1731852076382 0.04295211285352707 29
1731852077285 0.04244300723075867 30
1731852078153 0.041865844279527664 31
1731852078831 0.041234079748392105 32
1731852079988 0.04070260375738144 33
1731852080700 0.04012145847082138 34
1731852081564 0.03995082527399063 35
1731852082359 0.03919225186109543 36
1731852083001 0.03852938115596771 37
1731852083771 0.03831746429204941 38
1731852084501 0.037724774330854416 39
1731852085123 0.03722132369875908 40
1731852085796 0.03660128265619278 41
1731852086424 0.036037348210811615 42
1731852086973 0.03560475632548332 43
1731852087641 0.03517413139343262 44
1731852088497 0.03486066684126854 45
1731852089064 0.03438182547688484 46
1731852089750 0.034085869789123535 47
1731852090388 0.03356464207172394 48
1731852090990 0.03328836336731911 49
