1731871452483 0.03396932780742645 0
1731871453437 0.006222838070243597 1
1731871454445 0.004593252204358578 2
1731871455177 0.005770069546997547 3
1731871456038 0.0034646736457943916 4
1731871457039 0.0043512615375220776 5
1731871457841 0.003240517107769847 6
1731871458625 0.002303625922650099 7
1731871459759 0.0037380012217909098 8
1731871460566 0.002745759906247258 9
1731871461672 0.002827620832249522 10
1731871462477 0.002859391737729311 11
1731871463227 0.002494774991646409 12
1731871464044 0.002363031031563878 13
1731871464924 0.002557421335950494 14
1731871465708 0.002773243933916092 15
1731871466471 0.0024418896064162254 16
1731871467242 0.0020073624327778816 17
1731871467953 0.0023246456403285265 18
1731871468616 0.0022784823086112738 19
1731871469287 0.002178201451897621 20
1731871470022 0.0018490919610485435 21
1731871470735 0.002045793691650033 22
1731871471370 0.0017591536743566394 23
1731871472231 0.0021220461931079626 24
1731871472942 0.0023589669726788998 25
1731871473618 0.00229378929361701 26
1731871474256 0.0016711358912289143 27
1731871475012 0.001991076860576868 28
1731871475798 0.002276820596307516 29
1731871476456 0.0017519367393106222 30
1731871477124 0.0016646047588437796 31
1731871477804 0.002139352262020111 32
1731871478539 0.0018103456823155284 33
1731871479299 0.0016657053492963314 34
1731871479969 0.0019427475053817034 35
1731871480622 0.0016558232018724084 36
1731871481413 0.0017038793303072453 37
1731871482093 0.0014908727025613189 38
1731871482763 0.0016853915294632316 39
1731871483446 0.0014316299930214882 40
1731871484121 0.0016071851132437587 41
1731871484865 0.0014121857238933444 42
1731871485800 0.0016568467253819108 43
1731871486493 0.0013484183000400662 44
1731871487126 0.0016309753991663456 45
1731871487917 0.001761227147653699 46
1731871488659 0.001439518528059125 47
1731871489306 0.0016118105268105865 48
1731871489982 0.0014185102190822363 49
