1731867815884 0.06438477337360382 0
1731867816907 0.013801281340420246 1
1731867817543 0.008485634811222553 2
1731867818232 0.0051041278056800365 3
1731867818839 0.004677434917539358 4
1731867819566 0.0071072024293243885 5
1731867820207 0.0059528411366045475 6
1731867820765 0.004318431485444307 7
1731867821345 0.004279947839677334 8
1731867821891 0.0030469316989183426 9
1731867822441 0.002837786450982094 10
1731867823101 0.004186307545751333 11
1731867823670 0.0045743100345134735 12
1731867824234 0.003126546274870634 13
1731867824792 0.0029132147319614887 14
1731867825437 0.002390020526945591 15
1731867826362 0.0029908413998782635 16
1731867827069 0.003020653733983636 17
1731867827740 0.0026664147153496742 18
1731867828477 0.0024115638807415962 19
1731867829369 0.002261442830786109 20
1731867829949 0.002495138207450509 21
1731867830590 0.0019702771678566933 22
1731867831201 0.0019108046544715762 23
1731867831870 0.002832050435245037 24
1731867832728 0.003522021695971489 25
1731867833353 0.005036176182329655 26
1731867833931 0.0033209819812327623 27
1731867834527 0.002047583693638444 28
1731867835120 0.0018044739263132215 29
1731867835795 0.0017449846491217613 30
1731867836377 0.0016674008220434189 31
1731867836954 0.0019238227978348732 32
1731867837665 0.0016973905730992556 33
1731867838235 0.0016802996397018433 34
1731867838776 0.0017980022821575403 35
1731867839437 0.0016993579920381308 36
1731867840029 0.0015838396502658725 37
1731867840582 0.0015689756255596876 38
1731867841191 0.0016589536098763347 39
1731867841804 0.0016713817603886127 40
1731867842400 0.0017294277204200625 41
1731867842960 0.0019444581121206284 42
1731867843601 0.0016317106783390045 43
1731867844167 0.0019572009332478046 44
1731867844748 0.0016759419813752174 45
1731867845320 0.0018053229432553053 46
1731867845985 0.001416321494616568 47
1731867846550 0.001789383590221405 48
1731867847157 0.0019381609745323658 49
