1731880265208 0.03418503701686859 0
1731880265748 0.008105458691716194 1
1731880266290 0.004838492255657911 2
1731880266811 0.004505444783717394 3
1731880267373 0.004972836934030056 4
1731880267781 0.004286577925086021 5
1731880268186 0.0035236827097833157 6
1731880268595 0.0031373249366879463 7
1731880269003 0.002916257828474045 8
1731880269562 0.003068644553422928 9
1731880270249 0.0026613345835357904 10
1731880270689 0.0026183559093624353 11
1731880271100 0.0024086786434054375 12
1731880271633 0.0022487726528197527 13
1731880272052 0.00269275507889688 14
1731880272463 0.0026681877207010984 15
1731880272995 0.0026927234139293432 16
1731880273408 0.002211998915299773 17
1731880273820 0.0021734386682510376 18
1731880274251 0.0037722475826740265 19
1731880274664 0.002136136870831251 20
1731880275184 0.0020057435613125563 21
1731880275745 0.00219380808994174 22
1731880276230 0.00206948583945632 23
1731880276849 0.001998844323679805 24
1731880277267 0.001796793076209724 25
1731880277777 0.0018035359680652618 26
1731880278187 0.0017937071388587356 27
1731880278760 0.0019732166547328234 28
1731880279284 0.0023692776449024677 29
1731880279691 0.002013147110119462 30
1731880280098 0.0016680738190189004 31
1731880280503 0.0016284455778077245 32
1731880280936 0.001643168623559177 33
1731880281341 0.001882907235994935 34
1731880281875 0.001492632320150733 35
1731880282287 0.0015664530219510198 36
1731880282958 0.001824596431106329 37
1731880283397 0.0015171605627983809 38
1731880283812 0.001383185968734324 39
1731880284224 0.001571464235894382 40
1731880284748 0.0013761171139776707 41
1731880285162 0.0015694414032623172 42
1731880285593 0.0015556743601337075 43
1731880285990 0.0015835502417758107 44
1731880286392 0.0016114385798573494 45
1731880286863 0.0015434401575475931 46
1731880287276 0.0015056064585223794 47
1731880287831 0.0013558045029640198 48
1731880288239 0.001344413380138576 49
