1731858935194 0.20526421070098877 0
1731858935818 0.07573340088129044 1
1731858936428 0.036877863109111786 2
1731858937027 0.021215155720710754 3
1731858937626 0.014915009029209614 4
1731858938149 0.016726696863770485 5
1731858938645 0.015581248328089714 6
1731858939143 0.014036930166184902 7
1731858939738 0.009616637602448463 8
1731858940356 0.009486999362707138 9
1731858940857 0.007139291148632765 10
1731858941357 0.011178819462656975 11
1731858941862 0.006667479872703552 12
1731858942622 0.006346077658236027 13
1731858943119 0.007039183285087347 14
1731858943628 0.014829235151410103 15
1731858944120 0.006073173135519028 16
1731858944678 0.0066220806911587715 17
1731858945187 0.006979650817811489 18
1731858945689 0.005254391115158796 19
1731858946281 0.005020984448492527 20
1731858946776 0.007079150527715683 21
1731858947402 0.005196366459131241 22
1731858947996 0.006174467504024506 23
1731858948499 0.007536156103014946 24
1731858949001 0.006293899845331907 25
1731858949527 0.004989970475435257 26
1731858950107 0.008582660928368568 27
1731858950603 0.008738012984395027 28
1731858951101 0.004792512860149145 29
1731858951623 0.005988777615129948 30
1731858952126 0.004353557247668505 31
1731858952624 0.00400242256000638 32
1731858953121 0.005205551628023386 33
1731858953786 0.005219518672674894 34
1731858954290 0.004431054461747408 35
1731858954789 0.003682938404381275 36
1731858955283 0.005205425433814526 37
1731858955876 0.008766750805079937 38
1731858956400 0.013866638764739037 39
1731858956902 0.016177387908101082 40
1731858957400 0.0058741034008562565 41
1731858957899 0.005093127489089966 42
1731858958421 0.006417001597583294 43
1731858958922 0.008735524490475655 44
1731858959418 0.007986359298229218 45
1731858959915 0.004680508282035589 46
1731858960419 0.0045678382739424706 47
1731858960947 0.004037768114358187 48
1731858961446 0.004108541179448366 49
