1731851172215 0.0950397476553917 0
1731851172924 0.054728101938962936 1
1731851173638 0.0493360310792923 2
1731851174345 0.04650276154279709 3
1731851175061 0.04445764049887657 4
1731851175867 0.04186348244547844 5
1731851177577 0.03867672383785248 6
1731851178476 0.03721664473414421 7
1731851179325 0.035090114921331406 8
1731851180017 0.032505083829164505 9
1731851180995 0.03200189769268036 10
1731851181828 0.030498528853058815 11
1731851182690 0.027993349358439445 12
1731851183653 0.026775039732456207 13
1731851184423 0.02549273520708084 14
1731851185343 0.024467626586556435 15
1731851186068 0.023373611271381378 16
1731851186804 0.022550126537680626 17
1731851187659 0.0218887347728014 18
1731851188413 0.02124345488846302 19
1731851189143 0.021015344187617302 20
1731851189939 0.02051563933491707 21
1731851190784 0.020068665966391563 22
1731851191553 0.019935911521315575 23
1731851192167 0.019588325172662735 24
1731851192988 0.019229678437113762 25
1731851193701 0.019007602706551552 26
1731851194395 0.01860680989921093 27
1731851195092 0.018726035952568054 28
1731851195802 0.01829126849770546 29
1731851196602 0.01804962381720543 30
1731851197716 0.0178965013474226 31
1731851198432 0.017635537311434746 32
1731851199094 0.017685383558273315 33
1731851199819 0.01723773218691349 34
1731851200558 0.017193535342812538 35
1731851201229 0.016997795552015305 36
1731851202022 0.016556603834033012 37
1731851202691 0.016618045046925545 38
1731851203438 0.016402164474129677 39
1731851204566 0.016046192497015 40
1731851205293 0.015987763181328773 41
1731851206044 0.015780290588736534 42
1731851206754 0.01564783789217472 43
1731851207535 0.015455200336873531 44
1731851208244 0.015201441012322903 45
1731851209011 0.015217956155538559 46
1731851209792 0.015081706456840038 47
1731851210528 0.014719275757670403 48
1731851211423 0.014687753282487392 49
