1731851614844 0.09909891337156296 0
1731851615422 0.06050731986761093 1
1731851616060 0.053850654512643814 2
1731851616665 0.05091576278209686 3
1731851617157 0.04806329309940338 4
1731851617732 0.04417801275849342 5
1731851618478 0.04255606234073639 6
1731851619126 0.03964540362358093 7
1731851619791 0.037952639162540436 8
1731851620408 0.034946292638778687 9
1731851621097 0.03257959708571434 10
1731851621716 0.030308665707707405 11
1731851622374 0.028171857818961143 12
1731851623066 0.02665121667087078 13
1731851623773 0.024753989651799202 14
1731851624277 0.02320282533764839 15
1731851624872 0.022188911214470863 16
1731851625676 0.021168451756238937 17
1731851626442 0.020215503871440887 18
1731851627088 0.019897501915693283 19
1731851627787 0.019401878118515015 20
1731851628591 0.01876724138855934 21
1731851629192 0.01843111962080002 22
1731851629827 0.01823289878666401 23
1731851630411 0.01811901666224003 24
1731851631004 0.01789696514606476 25
1731851631583 0.017720241099596024 26
1731851632302 0.017369646579027176 27
1731851632908 0.01724487915635109 28
1731851633556 0.017030764371156693 29
1731851634207 0.016755789518356323 30
1731851634988 0.01657823659479618 31
1731851635720 0.01635684259235859 32
1731851636368 0.016294026747345924 33
1731851636894 0.016083862632513046 34
1731851637858 0.016202017664909363 35
1731851638400 0.015788044780492783 36
1731851639033 0.01571645215153694 37
1731851639711 0.015280823223292828 38
1731851640314 0.014993526041507721 39
1731851641122 0.014966229908168316 40
1731851641759 0.014829864725470543 41
1731851642442 0.014735691249370575 42
1731851643426 0.014423687011003494 43
1731851644390 0.014141150750219822 44
1731851645037 0.014109307900071144 45
1731851645673 0.013927662745118141 46
1731851646328 0.014022941701114178 47
1731851646933 0.013644345104694366 48
1731851647515 0.013441009446978569 49
