1731890912915 0.03864598646759987 0
1731890914071 0.004147527739405632 1
1731890915253 0.002132151275873184 2
1731890916290 0.0019860733300447464 3
1731890917465 0.0019343008752912283 4
1731890918510 0.0023464332334697247 5
1731890919797 0.0018577339360490441 6
1731890920825 0.00215655448846519 7
1731890921933 0.0018992148106917739 8
1731890923093 0.0015727445716038346 9
1731890924250 0.0014101314591243863 10
1731890925413 0.0012974345590919256 11
1731890926534 0.001316942274570465 12
1731890927585 0.0015124186174944043 13
1731890928613 0.0015166134107857943 14
1731890929939 0.0013234780635684729 15
1731890930978 0.001211294555105269 16
1731890932080 0.0014423173852264881 17
1731890933145 0.0012454513926059008 18
1731890934213 0.0012780174147337675 19
1731890935246 0.0012653556186705828 20
1731890936446 0.001259359298273921 21
1731890937507 0.0016006551450118423 22
1731890938584 0.0016614446649327874 23
1731890939623 0.0012249177088961005 24
1731890940919 0.0011898474767804146 25
1731890941966 0.0011934528592973948 26
1731890943042 0.0014394480967894197 27
1731890944141 0.0017653807299211621 28
1731890945189 0.0012393285287544131 29
1731890946258 0.0012182500213384628 30
1731890947428 0.0010117529891431332 31
1731890948482 0.001067778212018311 32
1731890949538 0.0010499130003154278 33
1731890950666 0.0011371835134923458 34
1731890951821 0.0011830448638647795 35
1731890953070 0.0010462617501616478 36
1731890954105 0.001086546340957284 37
1731890955181 0.001002827542833984 38
1731890956222 0.0010162716498598456 39
1731890957323 0.0012071523815393448 40
1731890958489 0.001093624741770327 41
1731890959556 0.0010063257068395615 42
1731890960606 0.001010896172374487 43
1731890961677 0.0009275989723391831 44
1731890962749 0.0010887887328863144 45
1731890963791 0.0010618307860568166 46
1731890965032 0.0008945231675170362 47
1731890966194 0.0009591098059900105 48
1731890967514 0.0009461118606850505 49
