1731852972100 0.12864764034748077 0
1731852973181 0.08641128987073898 1
1731852973931 0.11333537846803665 2
1731852974566 0.08664577454328537 3
1731852975061 0.07916732877492905 4
1731852975691 0.06421752274036407 5
1731852976382 0.06444583088159561 6
1731852976994 0.0693991482257843 7
1731852977679 0.06394919008016586 8
1731852978207 0.07323244214057922 9
1731852978723 0.06478031724691391 10
1731852979254 0.06491699069738388 11
1731852979886 0.07612614333629608 12
1731852980567 0.059706851840019226 13
1731852981170 0.059735458344221115 14
1731852981758 0.05964487046003342 15
1731852982688 0.06852918118238449 16
1731852983425 0.06853525340557098 17
1731852983943 0.07212160527706146 18
1731852984544 0.056956615298986435 19
1731852985346 0.07051055878400803 20
1731852985901 0.08249609917402267 21
1731852986484 0.060454219579696655 22
1731852986993 0.05809970945119858 23
1731852987741 0.05507485195994377 24
1731852988394 0.06352808326482773 25
1731852989268 0.05853116884827614 26
1731852990109 0.07651413977146149 27
1731852991126 0.06374868750572205 28
1731852992074 0.06366618722677231 29
1731852992899 0.06329741328954697 30
1731852993735 0.053383078426122665 31
1731852994317 0.06132711097598076 32
1731852995206 0.05537036806344986 33
1731852995809 0.0587121807038784 34
1731852996371 0.053315505385398865 35
1731852996939 0.06055845692753792 36
1731852997544 0.05973707512021065 37
1731852998117 0.055854592472314835 38
1731852998647 0.06091121956706047 39
1731852999161 0.056989654898643494 40
1731852999743 0.05908834934234619 41
1731853000287 0.0560559406876564 42
1731853000783 0.05677298456430435 43
1731853001394 0.05905504897236824 44
1731853001979 0.06003948673605919 45
1731853002737 0.059572428464889526 46
1731853003631 0.054046422243118286 47
1731853004574 0.051519520580768585 48
1731853005289 0.05622541159391403 49
