1731859814982 0.10406538099050522 0
1731859815598 0.033729422837495804 1
1731859816210 0.022510893642902374 2
1731859816853 0.01699189841747284 3
1731859817461 0.011360358446836472 4
1731859818079 0.01039847545325756 5
1731859818631 0.014427823945879936 6
1731859819205 0.012040099129080772 7
1731859819706 0.008833278901875019 8
1731859820320 0.007859266363084316 9
1731859820852 0.007182269357144833 10
1731859821364 0.007005149032920599 11
1731859822130 0.008373219519853592 12
1731859822644 0.006513706874102354 13
1731859823182 0.006900308653712273 14
1731859823689 0.005838389042764902 15
1731859824199 0.005944103468209505 16
1731859824806 0.005484809633344412 17
1731859825452 0.005498431157320738 18
1731859825959 0.006633121054619551 19
1731859826450 0.005085360258817673 20
1731859826935 0.005365041550248861 21
1731859827448 0.006013198755681515 22
1731859827970 0.004678312689065933 23
1731859828475 0.004527341574430466 24
1731859828982 0.004940724465996027 25
1731859829485 0.0044843642972409725 26
1731859830014 0.004619216080754995 27
1731859830514 0.004994670394808054 28
1731859831260 0.0045405058190226555 29
1731859831865 0.004363774321973324 30
1731859832395 0.0058529553934931755 31
1731859832904 0.0050504072569310665 32
1731859833416 0.003971981815993786 33
1731859833923 0.0038664662279188633 34
1731859834567 0.005909962113946676 35
1731859835078 0.007394362706691027 36
1731859835589 0.003948235884308815 37
1731859836084 0.003628290956839919 38
1731859836597 0.003552266163751483 39
1731859837128 0.0038263823371380568 40
1731859837630 0.0038451615255326033 41
1731859838137 0.0038295427802950144 42
1731859838748 0.003909746650606394 43
1731859839383 0.003853810951113701 44
1731859839885 0.0035420299973338842 45
1731859840387 0.0033733798190951347 46
1731859841045 0.0031658064108341932 47
1731859841686 0.0034129335545003414 48
1731859842185 0.008185726590454578 49
