1731868978571 0.11317958682775497 0
1731868979199 0.028097333386540413 1
1731868979814 0.010636607185006142 2
1731868980370 0.009675794281065464 3
1731868980930 0.006469880696386099 4
1731868981452 0.005082072224467993 5
1731868981982 0.004380381666123867 6
1731868982640 0.004574143327772617 7
1731868983170 0.006029021926224232 8
1731868983838 0.005885177291929722 9
1731868984368 0.004087705630809069 10
1731868984927 0.00823112390935421 11
1731868985488 0.003683633403852582 12
1731868986108 0.0030690666753798723 13
1731868986643 0.002871271688491106 14
1731868987201 0.003170086769387126 15
1731868987841 0.0030679244082421064 16
1731868988431 0.003019935917109251 17
1731868988964 0.002953083487227559 18
1731868989525 0.0026328901294618845 19
1731868990087 0.002619375940412283 20
1731868990634 0.0030581157188862562 21
1731868991162 0.0031131405849009752 22
1731868991739 0.0038113214541226625 23
1731868992299 0.0025821030139923096 24
1731868992937 0.002187626203522086 25
1731868993463 0.0021587181836366653 26
1731868994018 0.0025765770114958286 27
1731868994813 0.0022675893269479275 28
1731868995349 0.002357752528041601 29
1731868995970 0.0022119595669209957 30
1731868996525 0.0020149166230112314 31
1731868997055 0.003302748780697584 32
1731868997589 0.002278961706906557 33
1731868998228 0.0019986978732049465 34
1731868998776 0.0020787189714610577 35
1731868999299 0.0022714324295520782 36
1731868999828 0.002093244343996048 37
1731869000378 0.0031662259716540575 38
1731869000930 0.0017203404568135738 39
1731869001484 0.0021042467560619116 40
1731869002111 0.002009978983551264 41
1731869002694 0.002580672735348344 42
1731869003389 0.0016706102760508657 43
1731869003959 0.0016971314325928688 44
1731869004484 0.0018615566659718752 45
1731869005117 0.0017198629211634398 46
1731869005666 0.0018519489094614983 47
1731869006194 0.0021081280428916216 48
1731869006740 0.0019201484974473715 49
