1731877252676 0.05146613344550133 0
1731877253714 0.008356025442481041 1
1731877254643 0.006703274790197611 2
1731877255698 0.004793164320290089 3
1731877256627 0.004319377243518829 4
1731877257541 0.004142384976148605 5
1731877258484 0.0032608516048640013 6
1731877259544 0.003254945855587721 7
1731877260532 0.0027691659051924944 8
1731877261451 0.0033302810043096542 9
1731877262403 0.0026384382508695126 10
1731877263327 0.0024679224006831646 11
1731877264245 0.0031321262940764427 12
1731877265182 0.0031024108175188303 13
1731877266183 0.00201105372980237 14
1731877267217 0.0022381851449608803 15
1731877268140 0.002128549851477146 16
1731877269150 0.0021315801423043013 17
1731877270078 0.0018198706675320864 18
1731877271250 0.0018882384756579995 19
1731877272208 0.00169706204906106 20
1731877273125 0.0017964857397601008 21
1731877274155 0.001913509564474225 22
1731877275105 0.0015989741077646613 23
1731877276060 0.0019079007906839252 24
1731877276984 0.0015950648812577128 25
1731877277907 0.0015292271273210645 26
1731877278849 0.0016340215224772692 27
1731877279777 0.0013691614149138331 28
1731877280720 0.0014498321106657386 29
1731877281634 0.0016188512090593576 30
1731877282817 0.0015718551585450768 31
1731877283747 0.001409151591360569 32
1731877284673 0.0013862885534763336 33
1731877285615 0.0013377477880567312 34
1731877286530 0.001374335610307753 35
1731877287479 0.0015529281226918101 36
1731877288401 0.00132158980704844 37
1731877289321 0.0013431197730824351 38
1731877290468 0.0013862033374607563 39
1731877291472 0.001210646121762693 40
1731877292422 0.0012623086804524064 41
1731877293488 0.0012090910458937287 42
1731877294453 0.0011248335940763354 43
1731877295381 0.0012803628342226148 44
1731877296307 0.001165644614957273 45
1731877297252 0.0012895112158730626 46
1731877298172 0.0012752871261909604 47
1731877299128 0.0011610147776082158 48
1731877300077 0.0011958511313423514 49
