1731882817006 0.09599625319242477 0
1731882817403 0.043649882078170776 1
1731882817792 0.02930101379752159 2
1731882818177 0.014018835499882698 3
1731882818763 0.007167120464146137 4
1731882819160 0.0062622446566820145 5
1731882819408 0.005740355234593153 6
1731882819812 0.00547715974971652 7
1731882820195 0.005466043017804623 8
1731882820449 0.004557077307254076 9
1731882820710 0.004812414757907391 10
1731882820957 0.004533443134278059 11
1731882821375 0.004248444456607103 12
1731882821622 0.004407449159771204 13
1731882821873 0.003953880164772272 14
1731882822427 0.004000935237854719 15
1731882822677 0.0039603388868272305 16
1731882823088 0.003649531863629818 17
1731882823340 0.0038018273189663887 18
1731882823740 0.004447763320058584 19
1731882823988 0.003380321431905031 20
1731882824239 0.0031334676314145327 21
1731882824486 0.003308413317427039 22
1731882824742 0.003215053118765354 23
1731882824989 0.0031406357884407043 24
1731882825233 0.0028733524959534407 25
1731882825484 0.0029697257559746504 26
1731882825754 0.0031914336141198874 27
1731882826159 0.0027207534294575453 28
1731882826540 0.002993645379319787 29
1731882826795 0.0027967088390141726 30
1731882827047 0.0034028959926217794 31
1731882827815 0.002639038022607565 32
1731882828170 0.002861149376258254 33
1731882828423 0.0026635879185050726 34
1731882828669 0.0024413156788796186 35
1731882828911 0.0026497982908040285 36
1731882829159 0.0024904694873839617 37
1731882829406 0.0024885423481464386 38
1731882829650 0.0023389700800180435 39
1731882829893 0.002598883816972375 40
1731882830140 0.0022747800685465336 41
1731882830417 0.0025212548207491636 42
1731882830674 0.0024074746761471033 43
1731882830921 0.0024132016114890575 44
1731882831215 0.0021272997837513685 45
1731882831484 0.002173527143895626 46
1731882831736 0.002429368905723095 47
1731882831986 0.002136547351256013 48
1731882832239 0.002065910492092371 49
