1731875275368 0.023695828393101692 0
1731875277727 0.0024021384306252003 1
1731875279788 0.0033064528834074736 2
1731875281943 0.002246220363304019 3
1731875284014 0.0018972235266119242 4
1731875286164 0.001713729347102344 5
1731875288367 0.0014883469557389617 6
1731875290549 0.0015826924936845899 7
1731875292621 0.0013995623448863626 8
1731875294692 0.0017903646221384406 9
1731875296905 0.0013926756801083684 10
1731875299027 0.00129197898786515 11
1731875301230 0.0012057024287059903 12
1731875303302 0.0014200934674590826 13
1731875305402 0.0014653243124485016 14
1731875307488 0.0013790851226076484 15
1731875309557 0.0012479429133236408 16
1731875311923 0.0013693752698600292 17
1731875314007 0.001181238330900669 18
1731875316086 0.0017220021691173315 19
1731875318118 0.0013832742115482688 20
1731875320281 0.0012996767181903124 21
1731875322358 0.001162395696155727 22
1731875324754 0.001282006036490202 23
1731875326743 0.0011498541571199894 24
1731875328902 0.0012175728334113955 25
1731875330982 0.0013773259706795216 26
1731875333068 0.0011140444548800588 27
1731875335265 0.0010886822128668427 28
1731875337476 0.001225214684382081 29
1731875339568 0.0011253629345446825 30
1731875341642 0.0009732235339470208 31
1731875343835 0.0011365743121132255 32
1731875346009 0.0009734703344292939 33
1731875348044 0.0011524007422849536 34
1731875350332 0.000951417547184974 35
1731875352420 0.000933029456064105 36
1731875354522 0.0009164016810245812 37
1731875356887 0.001150376396253705 38
1731875359063 0.0009806188754737377 39
1731875361166 0.0009146658121608198 40
1731875363265 0.0009749260498210788 41
1731875365326 0.001008147606626153 42
1731875367434 0.0008395990007556975 43
1731875369500 0.0010039785411208868 44
1731875371829 0.000985258142463863 45
1731875373988 0.0009844229789450765 46
1731875376111 0.0010719374986365438 47
1731875378223 0.0009871016955003142 48
1731875380280 0.0011818447383120656 49
