1731860823939 0.5668266415596008 0
1731860824587 0.3118056356906891 1
1731860825228 0.2121734619140625 2
1731860825906 0.17925839126110077 3
1731860826530 0.16933700442314148 4
1731860827316 0.16681423783302307 5
1731860827974 0.16628006100654602 6
1731860828614 0.15260596573352814 7
1731860829244 0.051600489765405655 8
1731860829878 0.04846440628170967 9
1731860830426 0.03900013864040375 10
1731860830933 0.033837977796792984 11
1731860831566 0.029407769441604614 12
1731860832229 0.01755758933722973 13
1731860832858 0.03955196589231491 14
1731860833405 0.0587165392935276 15
1731860833914 0.027690095826983452 16
1731860834457 0.01991415023803711 17
1731860835085 0.014085115864872932 18
1731860835607 0.01243186928331852 19
1731860836253 0.010976606979966164 20
1731860836800 0.009484137408435345 21
1731860837313 0.008900688029825687 22
1731860837833 0.00902875792235136 23
1731860838346 0.009227316826581955 24
1731860838867 0.0075386324897408485 25
1731860839410 0.00822320394217968 26
1731860839928 0.008201127871870995 27
1731860840442 0.007920731790363789 28
1731860840957 0.006711752153933048 29
1731860841501 0.006557326763868332 30
1731860842129 0.0060163624584674835 31
1731860842654 0.008900854736566544 32
1731860843168 0.008510737679898739 33
1731860843707 0.011235484853386879 34
1731860844375 0.010129539296030998 35
1731860844892 0.010887877084314823 36
1731860845412 0.013514924794435501 37
1731860845951 0.006369898095726967 38
1731860846470 0.006004408001899719 39
1731860846989 0.006419564131647348 40
1731860847508 0.0066541749984025955 41
1731860848026 0.006068754009902477 42
1731860848570 0.0056907725520431995 43
1731860849090 0.005489101633429527 44
1731860849617 0.006069675553590059 45
1731860850134 0.005502649117261171 46
1731860850671 0.0055318353697657585 47
1731860851185 0.005028526298701763 48
1731860851706 0.005721698980778456 49
