1731869099509 0.05046886205673218 0
1731869100145 0.009156645275652409 1
1731869100951 0.006482047028839588 2
1731869101601 0.007497538346797228 3
1731869102226 0.004203356336802244 4
1731869102948 0.004146924242377281 5
1731869103565 0.004482701886445284 6
1731869104221 0.004204763565212488 7
1731869104744 0.0034541224595159292 8
1731869105267 0.0031322992872446775 9
1731869105923 0.002965357154607773 10
1731869106554 0.0029063276015222073 11
1731869107085 0.00284808361902833 12
1731869107636 0.002657942473888397 13
1731869108506 0.002557098399847746 14
1731869109138 0.0023026580456644297 15
1731869109661 0.0022936048917472363 16
1731869110190 0.002212756546214223 17
1731869110845 0.0021870783530175686 18
1731869111469 0.002501420909538865 19
1731869112092 0.00289762020111084 20
1731869112640 0.0023242670577019453 21
1731869113180 0.0025301461573690176 22
1731869113708 0.002657015807926655 23
1731869114260 0.007883695885539055 24
1731869114794 0.004076459910720587 25
1731869115354 0.0026328815147280693 26
1731869115886 0.0019472017884254456 27
1731869116526 0.0020804875530302525 28
1731869117182 0.0019541869405657053 29
1731869117853 0.001946846372447908 30
1731869118463 0.0024621253833174706 31
1731869118995 0.001872766064479947 32
1731869119701 0.0021714260801672935 33
1731869120234 0.0020477131474763155 34
1731869120872 0.0017157183028757572 35
1731869121507 0.0020592394284904003 36
1731869122054 0.001768950722180307 37
1731869122588 0.0023818740155547857 38
1731869123120 0.0025488955434411764 39
1731869123685 0.002040174324065447 40
1731869124244 0.0016210988396778703 41
1731869125012 0.0014739558100700378 42
1731869125549 0.0018181310733780265 43
1731869126083 0.0014244525227695704 44
1731869126681 0.001409662771038711 45
1731869127218 0.0015713577158749104 46
1731869127755 0.0020083433482795954 47
1731869128387 0.0017350215930491686 48
1731869128942 0.0018631931161507964 49
