1731849609275 0.0739910677075386 0
1731849610388 0.0024475567042827606 1
1731849611442 0.001805274747312069 2
1731849612831 0.0021506045013666153 3
1731849613969 0.0008858532528392971 4
1731849615152 0.0009494429687038064 5
1731849616146 0.0009910855442285538 6
1731849617166 0.0012054149992763996 7
1731849618162 0.0011254685232415795 8
1731849619162 0.0008507794118486345 9
1731849620176 0.0008835637709125876 10
1731849621281 0.0009020037832669914 11
1731849622310 0.0007870908593758941 12
1731849623319 0.0007099844515323639 13
1731849624335 0.0007868415559642017 14
1731849625510 0.0008078868850134313 15
1731849626522 0.0010411097900941968 16
1731849627525 0.0007064123055897653 17
1731849628601 0.0007605472346767783 18
1731849629675 0.0007226620800793171 19
1731849630770 0.0006951696122996509 20
1731849631747 0.0005448312149383128 21
1731849632722 0.0006855767569504678 22
1731849633734 0.0006015343242324889 23
1731849634816 0.0006411242065951228 24
1731849636000 0.0005752911092713475 25
1731849636973 0.000698142102919519 26
1731849638074 0.0006612077122554183 27
1731849639057 0.0006058925064280629 28
1731849640056 0.0005721861962229013 29
1731849641082 0.000841113505885005 30
1731849642074 0.0006622608052566648 31
1731849643085 0.00044551517930813134 32
1731849644079 0.0005123784067109227 33
1731849645099 0.0008175108814612031 34
1731849646327 0.00042356079211458564 35
1731849647330 0.0006166069069877267 36
1731849648412 0.0004200073017273098 37
1731849649416 0.0004932165029458702 38
1731849650458 0.00043282174738124013 39
1731849651469 0.00042102107545360923 40
1731849652444 0.0004810957470908761 41
1731849653424 0.00041538337245583534 42
1731849654456 0.00042188630322925746 43
1731849655454 0.0004305647744331509 44
1731849656494 0.00048296665772795677 45
1731849657703 0.0004274858220014721 46
1731849658768 0.0005330872372724116 47
1731849659758 0.0005321308854036033 48
1731849660822 0.00038333499105647206 49
1731849661836 0.00045487904571928084 50
1731849662934 0.0004286654875613749 51
1731849663930 0.00038526311982423067 52
1731849664911 0.0005556883406825364 53
1731849665951 0.0004700866702478379 54
1731849667042 0.0003990658151451498 55
1731849668044 0.00035695379483513534 56
1731849669213 0.00035499694058671594 57
1731849670236 0.0004684588930103928 58
1731849671223 0.000406326464144513 59
1731849672271 0.0004611255135387182 60
1731849673248 0.0004356045974418521 61
1731849674243 0.000380298268282786 62
1731849675304 0.0003972538106609136 63
1731849676285 0.0003634970635175705 64
1731849677319 0.0003656812768895179 65
1731849678312 0.0004564452392514795 66
1731849679354 0.0004775840207003057 67
1731849680369 0.0005703166825696826 68
1731849681546 0.00042883792775683105 69
1731849682566 0.0004005968803539872 70
1731849683625 0.0003197757469024509 71
1731849684643 0.00041775903082452714 72
1731849685732 0.0003962127084378153 73
1731849686747 0.00032808605465106666 74
1731849687816 0.0004235744127072394 75
1731849688912 0.0004078928322996944 76
1731849689973 0.0003459349973127246 77
1731849690988 0.00036542050656862557 78
1731849692139 0.0003005678590852767 79
1731849693146 0.00032228586496785283 80
1731849694151 0.00047123065451160073 81
1731849695187 0.0003332241903990507 82
1731849696197 0.00034784007584676147 83
1731849697228 0.00032872273004613817 84
1731849698284 0.00036611591349355876 85
1731849699372 0.000340087543008849 86
1731849700386 0.0003470139345154166 87
1731849701412 0.0004191830230411142 88
1731849702426 0.0003567531530279666 89
1731849703552 0.0003114492865279317 90
1731849704678 0.00034742068964987993 91
1731849705664 0.00030550165683962405 92
1731849706828 0.00034081866033375263 93
1731849707814 0.000525092997122556 94
1731849708818 0.00031598363420926034 95
1731849709816 0.0003017981653101742 96
1731849710824 0.0003284253180027008 97
1731849711841 0.0003293966583441943 98
1731849712922 0.0004079333448316902 99
