1731882183828 0.052069321274757385 0
1731882184213 0.012028825469315052 1
1731882184611 0.0064570102840662 2
1731882185005 0.004248458426445723 3
1731882185384 0.004095992539077997 4
1731882185926 0.002906246343627572 5
1731882186188 0.0036172489635646343 6
1731882186575 0.003137365449219942 7
1731882186889 0.0025261614937335253 8
1731882187150 0.0032380938064306974 9
1731882187543 0.0022797968704253435 10
1731882187803 0.0025357871782034636 11
1731882188060 0.002790014259517193 12
1731882188319 0.002453894354403019 13
1731882188693 0.0028467834927141666 14
1731882188949 0.0020989051554352045 15
1731882189230 0.0024052648805081844 16
1731882189497 0.0025282420683652163 17
1731882189763 0.0023453522007912397 18
1731882190014 0.002249991986900568 19
1731882190279 0.0023524111602455378 20
1731882190537 0.0019295916426926851 21
1731882190916 0.0023854305036365986 22
1731882191491 0.0024588240776211023 23
1731882191769 0.001657402841374278 24
1731882192034 0.0017236254643648863 25
1731882192286 0.0017466188874095678 26
1731882192547 0.0020869409199804068 27
1731882192802 0.0022542248480021954 28
1731882193067 0.0021531295496970415 29
1731882193326 0.0018293858738616109 30
1731882193585 0.0021850119810551405 31
1731882193869 0.0017428415594622493 32
1731882194128 0.001899062073789537 33
1731882194388 0.0022317159455269575 34
1731882194653 0.0018021056894212961 35
1731882194905 0.001542597427032888 36
1731882195169 0.002132667228579521 37
1731882195420 0.001685111434198916 38
1731882195684 0.0017899395897984505 39
1731882195941 0.001609288272447884 40
1731882196227 0.0022567000705748796 41
1731882196488 0.0013373628025874496 42
1731882196746 0.002198613714426756 43
1731882196999 0.001506080967374146 44
1731882197251 0.0014706309884786606 45
1731882197507 0.0018745980923995376 46
1731882197891 0.0017673097318038344 47
1731882198339 0.0015874315286055207 48
1731882198614 0.0019304461311548948 49
