1731880547067 0.04815834388136864 0
1731880548239 0.006669577211141586 1
1731880549386 0.004683071747422218 2
1731880550374 0.004139290191233158 3
1731880551389 0.004150657914578915 4
1731880552399 0.004942721221596003 5
1731880553332 0.002829967299476266 6
1731880554481 0.0029232341330498457 7
1731880555461 0.002485358389094472 8
1731880556538 0.0024332578759640455 9
1731880557541 0.002681412035599351 10
1731880558909 0.0020990255288779736 11
1731880559988 0.0031253963243216276 12
1731880561083 0.0021951484959572554 13
1731880562255 0.0023340685293078423 14
1731880563344 0.001983824884518981 15
1731880564611 0.0017766368109732866 16
1731880565824 0.00178030994720757 17
1731880566882 0.0017385935643687844 18
1731880568230 0.002096049953252077 19
1731880569305 0.0031670755706727505 20
1731880570376 0.0019655583892017603 21
1731880571512 0.0017757841851562262 22
1731880572747 0.0015398653922602534 23
1731880573977 0.0015975236892700195 24
1731880575144 0.0014599646674469113 25
1731880576225 0.0014777412870898843 26
1731880577280 0.0016155955381691456 27
1731880578672 0.0013813730329275131 28
1731880579716 0.0013521015644073486 29
1731880580736 0.0014012304600328207 30
1731880581815 0.0013202012050896883 31
1731880582839 0.0014919618843123317 32
1731880584029 0.0012959686573594809 33
1731880585031 0.001368170720525086 34
1731880586146 0.0014146934263408184 35
1731880587298 0.0015388296451419592 36
1731880588348 0.0012815347872674465 37
1731880589376 0.0012762087862938643 38
1731880590556 0.001239171833731234 39
1731880591573 0.0011524352012202144 40
1731880592586 0.0012053040554746985 41
1731880593659 0.001259583979845047 42
1731880594807 0.0011950259795412421 43
1731880596093 0.0011693923734128475 44
1731880597140 0.00156434066593647 45
1731880598213 0.0013389985542744398 46
1731880599379 0.0011609449284151196 47
1731880600403 0.0012566890800371766 48
1731880601481 0.00107911869417876 49
