1731853316046 0.11636848002672195 0
1731853316667 0.10258665680885315 1
1731853317247 0.09333612024784088 2
1731853317778 0.0905240923166275 3
1731853318417 0.08423031866550446 4
1731853318899 0.08702336251735687 5
1731853319391 0.08830172568559647 6
1731853319899 0.08114819973707199 7
1731853320411 0.08172374218702316 8
1731853320896 0.0808095782995224 9
1731853321511 0.08217702805995941 10
1731853322012 0.07305455952882767 11
1731853322518 0.07932725548744202 12
1731853323001 0.07929769903421402 13
1731853323504 0.07658638805150986 14
1731853323983 0.07611643522977829 15
1731853324509 0.07796020805835724 16
1731853324992 0.07570549100637436 17
1731853325467 0.07662404328584671 18
1731853326045 0.07417283952236176 19
1731853326618 0.0764143317937851 20
1731853327276 0.0731966644525528 21
1731853327898 0.0780700072646141 22
1731853328400 0.07674378901720047 23
1731853328893 0.0752604529261589 24
1731853329382 0.07545697689056396 25
1731853329965 0.07493530958890915 26
1731853330548 0.06900805979967117 27
1731853331071 0.07237683236598969 28
1731853331551 0.07378503680229187 29
1731853332014 0.0720631331205368 30
1731853332484 0.07317501306533813 31
1731853332945 0.06991272419691086 32
1731853333438 0.0726107731461525 33
1731853333906 0.07433164119720459 34
1731853334375 0.06687841564416885 35
1731853334850 0.07054786384105682 36
1731853335318 0.0729929655790329 37
1731853335804 0.0692586675286293 38
1731853336271 0.0706649124622345 39
1731853336738 0.07136674970388412 40
1731853337203 0.06816872209310532 41
1731853337669 0.07093620300292969 42
1731853338149 0.07133500277996063 43
1731853338622 0.0699181854724884 44
1731853339086 0.06989660859107971 45
1731853339550 0.06774991005659103 46
1731853340013 0.06961250305175781 47
1731853340505 0.06846354901790619 48
1731853340969 0.06651660054922104 49
