1731857268854 0.12599316239356995 0
1731857269581 0.0219972375780344 1
1731857270183 0.023428864777088165 2
1731857270774 0.01537618599832058 3
1731857271360 0.01012360118329525 4
1731857272093 0.0059371707029640675 5
1731857272681 0.00510456832125783 6
1731857273394 0.004275775048881769 7
1731857274025 0.004975144285708666 8
1731857274613 0.004362583626061678 9
1731857275244 0.004233543295413256 10
1731857275954 0.004860532935708761 11
1731857276760 0.004211908672004938 12
1731857277371 0.004348789807409048 13
1731857277990 0.00441342918202281 14
1731857278601 0.004615436308085918 15
1731857279253 0.0045676808804273605 16
1731857279982 0.0042779650539159775 17
1731857280566 0.004324919078499079 18
1731857281342 0.0036090954672545195 19
1731857281968 0.004036931321024895 20
1731857282559 0.00415579229593277 21
1731857283200 0.0035605342127382755 22
1731857283851 0.0037188404239714146 23
1731857284552 0.004236236214637756 24
1731857285176 0.003968903329223394 25
1731857286109 0.003167597111314535 26
1731857286710 0.0032205935567617416 27
1731857287321 0.003157439874485135 28
1731857287954 0.0029994503129273653 29
1731857288571 0.0032558105885982513 30
1731857289192 0.002994595794007182 31
1731857289799 0.005133667960762978 32
1731857290390 0.0039131068624556065 33
1731857291072 0.005008499138057232 34
1731857291662 0.0033439481630921364 35
1731857292300 0.005717499181628227 36
1731857292919 0.004680172074586153 37
1731857293583 0.003129256423562765 38
1731857294206 0.0029789654072374105 39
1731857294904 0.0028264166321605444 40
1731857295517 0.005295551382005215 41
1731857296137 0.006424968130886555 42
1731857296763 0.004672523122280836 43
1731857297373 0.0032982754055410624 44
1731857298316 0.0028717448003590107 45
1731857298956 0.002958904718980193 46
1731857299846 0.003910306375473738 47
1731857300738 0.0026801354251801968 48
1731857301411 0.0026853326708078384 49
