1731858710101 0.07704349607229233 0
1731858710682 0.015093083493411541 1
1731858711261 0.01079886220395565 2
1731858711767 0.01431486289948225 3
1731858712331 0.009795397520065308 4
1731858712809 0.007403676863759756 5
1731858713373 0.005834183655679226 6
1731858713959 0.005617802031338215 7
1731858714523 0.005508579779416323 8
1731858714999 0.006182951387017965 9
1731858715473 0.006545326206833124 10
1731858715959 0.005845550447702408 11
1731858716457 0.0059443311765789986 12
1731858717019 0.0072139715775847435 13
1731858717717 0.004870078060775995 14
1731858718195 0.005176127888262272 15
1731858718694 0.004199438262730837 16
1731858719231 0.004533027298748493 17
1731858719724 0.003870234591886401 18
1731858720209 0.0038940315134823322 19
1731858720703 0.005713844671845436 20
1731858721187 0.004541667643934488 21
1731858721760 0.0038141265977174044 22
1731858722333 0.0036420763935893774 23
1731858722804 0.00483325868844986 24
1731858723300 0.003899303497746587 25
1731858723774 0.0035928585566580296 26
1731858724256 0.006217544432729483 27
1731858724734 0.0052839829586446285 28
1731858725232 0.004655931610614061 29
1731858725710 0.003732145531103015 30
1731858726181 0.0033986226189881563 31
1731858726654 0.0036574339028447866 32
1731858727127 0.0042519718408584595 33
1731858727629 0.0038367724046111107 34
1731858728108 0.0037217435892671347 35
1731858728584 0.005630092695355415 36
1731858729070 0.004928173031657934 37
1731858729650 0.0035573362838476896 38
1731858730167 0.0031430684030056 39
1731858730644 0.004071915987879038 40
1731858731220 0.0049289227463305 41
1731858731700 0.0037097095046192408 42
1731858732285 0.002845261013135314 43
1731858732760 0.0028147301636636257 44
1731858733238 0.002814261941239238 45
1731858733715 0.0027769412845373154 46
1731858734208 0.002739584306254983 47
1731858734693 0.002694531111046672 48
1731858735168 0.003124210750684142 49
