1731868776976 0.028962252661585808 0
1731868778150 0.007261623628437519 1
1731868779341 0.002769529353827238 2
1731868780458 0.002431916305795312 3
1731868781490 0.002115089213475585 4
1731868782644 0.001919819158501923 5
1731868783751 0.002006898168474436 6
1731868784867 0.0019878805615007877 7
1731868785891 0.0017286805668845773 8
1731868786928 0.002319811377674341 9
1731868787962 0.001920591457746923 10
1731868789167 0.0017847445560619235 11
1731868790234 0.00149940000846982 12
1731868791260 0.0017074465285986662 13
1731868792366 0.002533390186727047 14
1731868793426 0.01012594997882843 15
1731868794488 0.0046709319576621056 16
1731868795537 0.002174302702769637 17
1731868796841 0.0014717289013788104 18
1731868797955 0.0015772291226312518 19
1731868799005 0.0013832385884597898 20
1731868800023 0.001321763382293284 21
1731868801154 0.0015348014421761036 22
1731868802321 0.0016534730093553662 23
1731868803399 0.0014377667102962732 24
1731868804438 0.0014040248934179544 25
1731868805624 0.0018070710357278585 26
1731868806688 0.0012567437952384353 27
1731868807840 0.0012816168600693345 28
1731868808938 0.0012521102325990796 29
1731868809954 0.001212300849147141 30
1731868810961 0.0011927069863304496 31
1731868812114 0.002551435027271509 32
1731868813183 0.0016162344254553318 33
1731868814378 0.0018850575434044003 34
1731868815406 0.0011607795022428036 35
1731868816736 0.001498072873800993 36
1731868817755 0.0012517748400568962 37
1731868818947 0.0013009519316256046 38
1731868819998 0.0011886347783729434 39
1731868821027 0.0011658113216981292 40
1731868822122 0.0013616480864584446 41
1731868823150 0.0011060438118875027 42
1731868824252 0.0012951679527759552 43
1731868825322 0.001822636928409338 44
1731868826399 0.0012140624457970262 45
1731868827456 0.001250628032721579 46
1731868828761 0.001176387071609497 47
1731868829820 0.0011344082886353135 48
1731868830885 0.0012279687216505408 49
