1731851344368 0.0663091316819191 0
1731851345061 0.009747573174536228 1
1731851345665 0.002028797985985875 2
1731851346216 0.0007380665047094226 3
1731851346870 0.0011573572410270572 4
1731851347585 0.0008565368480049074 5
1731851348205 0.0007359968149103224 6
1731851348958 0.0008206639904528856 7
1731851349596 0.000729883904568851 8
1731851350221 0.0010492888977751136 9
1731851350837 0.000941525271628052 10
1731851351671 0.0013199258828535676 11
1731851352284 0.0014899733942002058 12
1731851352973 0.0007952849846333265 13
1731851353582 0.00070328259607777 14
1731851354144 0.0006408098852261901 15
1731851354736 0.0007819276070222259 16
1731851355629 0.0005718079046346247 17
1731851356156 0.0006407022010535002 18
1731851356714 0.0008911904296837747 19
1731851357293 0.0006452907691709697 20
1731851358009 0.0007573812617920339 21
1731851358573 0.0006718041840940714 22
1731851359160 0.0006082239560782909 23
1731851359903 0.000662346079479903 24
1731851360506 0.0010143411345779896 25
1731851361113 0.0005861528916284442 26
1731851361786 0.0006612470024265349 27
1731851362686 0.0007405047654174268 28
1731851363248 0.0010477891191840172 29
1731851363935 0.0005986537435092032 30
1731851364471 0.0007653609500266612 31
1731851365050 0.000766571203712374 32
1731851365647 0.0005912139313295484 33
1731851366211 0.0005736769526265562 34
1731851366869 0.0007176924264058471 35
1731851367473 0.0006814719527028501 36
1731851368036 0.0005367325502447784 37
1731851368603 0.0005305181839503348 38
1731851369449 0.0005511865019798279 39
1731851370049 0.0006199576309882104 40
1731851370689 0.0006459693540818989 41
1731851371575 0.000467873178422451 42
1731851372250 0.0005050043109804392 43
1731851373012 0.0015608574030920863 44
1731851373628 0.0034487582743167877 45
1731851374190 0.0009304374107159674 46
1731851374841 0.0007808289374224842 47
1731851375544 0.0005349732819013298 48
1731851376115 0.0008116331300698221 49
