1731879878348 0.028293421491980553 0
1731879879427 0.007613639812916517 1
1731879880542 0.007384418044239283 2
1731879881650 0.008677560836076736 3
1731879882589 0.004255499225109816 4
1731879883672 0.0064156134612858295 5
1731879884921 0.004709966015070677 6
1731879885850 0.005466210190206766 7
1731879886809 0.002799511421471834 8
1731879887757 0.005262134131044149 9
1731879888806 0.003251524642109871 10
1731879889757 0.0029880132060498 11
1731879890683 0.0032322562765330076 12
1731879891650 0.0031504796352237463 13
1731879892609 0.0030174213461577892 14
1731879893527 0.0023631546646356583 15
1731879894610 0.0025878772139549255 16
1731879895539 0.0027424972504377365 17
1731879896500 0.0029949569143354893 18
1731879897762 0.00205631903372705 19
1731879898693 0.003178341081365943 20
1731879899628 0.0015131136169657111 21
1731879900555 0.00237143668346107 22
1731879901503 0.0021979904267936945 23
1731879902470 0.0018279125215485692 24
1731879903400 0.0027773831970989704 25
1731879904357 0.002235543681308627 26
1731879905283 0.0019941390492022038 27
1731879906210 0.0017309471732005477 28
1731879907194 0.0021188247483223677 29
1731879908133 0.0014691529795527458 30
1731879909252 0.002322389045730233 31
1731879910186 0.0023131791967898607 32
1731879911434 0.00190240319352597 33
1731879912442 0.0017550800694152713 34
1731879913420 0.0019991095177829266 35
1731879914418 0.0018913681851699948 36
1731879915348 0.0021800824906677008 37
1731879916307 0.0015727626159787178 38
1731879917274 0.0020426653791218996 39
1731879918342 0.0022291650529950857 40
1731879919445 0.001475021243095398 41
1731879920405 0.0017522729467600584 42
1731879921361 0.0016907737590372562 43
1731879922328 0.0016836849972605705 44
1731879923288 0.0015951348468661308 45
1731879924383 0.0018061903538182378 46
1731879925312 0.0013296334072947502 47
1731879926274 0.0019360206788405776 48
1731879927244 0.0018088276265189052 49
