1731867440024 0.10110578685998917 0
1731867440740 0.01457228884100914 1
1731867441497 0.006777207832783461 2
1731867442206 0.005410501267760992 3
1731867442813 0.00558222783729434 4
1731867443697 0.005131383426487446 5
1731867444471 0.004452722612768412 6
1731867445208 0.005203156732022762 7
1731867445842 0.0037963755894452333 8
1731867446595 0.0037981413770467043 9
1731867447471 0.0037147572729736567 10
1731867448100 0.003816822310909629 11
1731867448724 0.005080418661236763 12
1731867449334 0.0030912277288734913 13
1731867449934 0.002738548442721367 14
1731867450511 0.003613752080127597 15
1731867451168 0.0033500201534479856 16
1731867451736 0.0029281864408403635 17
1731867452513 0.0026487112045288086 18
1731867453412 0.003130804281681776 19
1731867454028 0.00268258317373693 20
1731867454596 0.006027454510331154 21
1731867455180 0.006293091457337141 22
1731867455889 0.0059463633224368095 23
1731867456529 0.0030058040283620358 24
1731867457175 0.0024842689745128155 25
1731867458092 0.0026387597899883986 26
1731867458679 0.0025614688638597727 27
1731867459274 0.0025833668187260628 28
1731867459936 0.0029308688826858997 29
1731867460610 0.0026299022138118744 30
1731867461229 0.0022473009303212166 31
1731867461830 0.0021668411791324615 32
1731867462459 0.0023303248453885317 33
1731867463093 0.0019956061150878668 34
1731867463798 0.002063049701973796 35
1731867464406 0.002174095017835498 36
1731867465028 0.0019495126325637102 37
1731867465627 0.0025878867600113153 38
1731867466219 0.0023432273883372545 39
1731867467162 0.0024390530306845903 40
1731867467809 0.0024475466925650835 41
1731867468414 0.0018430252093821764 42
1731867469095 0.001887302496470511 43
1731867469745 0.0018862769939005375 44
1731867470621 0.00278326659463346 45
1731867471225 0.002177297370508313 46
1731867471817 0.0020849304273724556 47
1731867472457 0.0018718702485784888 48
1731867473062 0.0018903252203017473 49
