1731860048329 0.4656386077404022 0
1731860048965 0.18243765830993652 1
1731860049610 0.08439160883426666 2
1731860050216 0.04097703844308853 3
1731860050861 0.035056907683610916 4
1731860051570 0.020874813199043274 5
1731860052193 0.014805697835981846 6
1731860052819 0.01183356624096632 7
1731860053326 0.015485052019357681 8
1731860053857 0.012564468197524548 9
1731860054352 0.01409622747451067 10
1731860055126 0.00972651969641447 11
1731860055628 0.009046145714819431 12
1731860056156 0.009540567174553871 13
1731860056667 0.009966597892343998 14
1731860057175 0.010738725773990154 15
1731860057783 0.0088418647646904 16
1731860058316 0.010679084807634354 17
1731860058783 0.008095678873360157 18
1731860059291 0.006639879196882248 19
1731860059797 0.006281438749283552 20
1731860060308 0.005749023985117674 21
1731860060842 0.005478092469274998 22
1731860061347 0.013355697505176067 23
1731860061878 0.010545002296566963 24
1731860062396 0.006316804792732 25
1731860062925 0.005932878702878952 26
1731860063436 0.010826204903423786 27
1731860063940 0.00799456425011158 28
1731860064579 0.007308068219572306 29
1731860065255 0.005728626623749733 30
1731860065768 0.006778529845178127 31
1731860066258 0.004371441435068846 32
1731860066742 0.004775607492774725 33
1731860067361 0.005165263544768095 34
1731860067893 0.008538763970136642 35
1731860068397 0.006350136827677488 36
1731860068911 0.004818158224225044 37
1731860069417 0.004561468493193388 38
1731860069940 0.007784596178680658 39
1731860070447 0.004430987872183323 40
1731860070948 0.0094840619713068 41
1731860071447 0.00698962714523077 42
1731860071953 0.006023022346198559 43
1731860072482 0.010323554277420044 44
1731860072985 0.007592047099024057 45
1731860073607 0.0058547696098685265 46
1731860074113 0.0049595823511481285 47
1731860074651 0.005170917138457298 48
1731860075158 0.0060395775362849236 49
