1731878303906 0.02294432744383812 0
1731878304911 0.00754235265776515 1
1731878305960 0.0054586357437074184 2
1731878306936 0.004412445239722729 3
1731878307886 0.004552063066512346 4
1731878308866 0.004089502152055502 5
1731878309750 0.0031992089934647083 6
1731878310656 0.0033087311312556267 7
1731878311585 0.002954848576337099 8
1731878312528 0.003121231449767947 9
1731878313837 0.002773057669401169 10
1731878314752 0.0027765182312577963 11
1731878315640 0.0025659266393631697 12
1731878316529 0.002606388181447983 13
1731878317433 0.0026552530471235514 14
1731878318312 0.002521592192351818 15
1731878319228 0.0022042542695999146 16
1731878320123 0.0023502083495259285 17
1731878321013 0.002068952424451709 18
1731878321939 0.002428200328722596 19
1731878322930 0.0022076857276260853 20
1731878324075 0.001967011485248804 21
1731878324989 0.0021275589242577553 22
1731878325869 0.001715043094009161 23
1731878326776 0.0020618794951587915 24
1731878327675 0.0018858001567423344 25
1731878328596 0.0019712578505277634 26
1731878329494 0.0018511128146201372 27
1731878330386 0.001926557975821197 28
1731878331302 0.0019529876299202442 29
1731878332187 0.001581746619194746 30
1731878333192 0.0017999231349676847 31
1731878334081 0.001692292746156454 32
1731878334974 0.0016923892544582486 33
1731878335894 0.0016588515136390924 34
1731878336982 0.001508138608187437 35
1731878337887 0.0016552213346585631 36
1731878338767 0.0015235522296279669 37
1731878339679 0.0016890971455723047 38
1731878340606 0.0015839473344385624 39
1731878341484 0.0014632483944296837 40
1731878342410 0.001478295773267746 41
1731878343311 0.0016794793773442507 42
1731878344335 0.0013833350967615843 43
1731878345238 0.0015272387536242604 44
1731878346121 0.0014705074718222022 45
1731878347036 0.0015919865109026432 46
1731878347929 0.0015820766566321254 47
1731878348957 0.0015962135512381792 48
1731878349852 0.0013447366654872894 49
