1731883385127 0.05590787157416344 0
1731883385839 0.01789774000644684 1
1731883386554 0.008981367573142052 2
1731883387117 0.011251281946897507 3
1731883387872 0.00941759254783392 4
1731883388431 0.006133627146482468 5
1731883389161 0.006539047230035067 6
1731883389725 0.004274849314242601 7
1731883390265 0.010300052352249622 8
1731883391332 0.0026809205301105976 9
1731883391913 0.00880991667509079 10
1731883392445 0.003984986338764429 11
1731883392973 0.005126361735165119 12
1731883393506 0.003963690251111984 13
1731883394090 0.0037866923958063126 14
1731883394646 0.0038104401901364326 15
1731883395353 0.003732450073584914 16
1731883395890 0.0043750363402068615 17
1731883396431 0.0035059379879385233 18
1731883396981 0.004233556799590588 19
1731883397507 0.002638918114826083 20
1731883398039 0.004662184044718742 21
1731883398569 0.0030250984709709883 22
1731883399170 0.003532540053129196 23
1731883399705 0.002565936418250203 24
1731883400239 0.004016067832708359 25
1731883400769 0.002314651384949684 26
1731883401326 0.004157679155468941 27
1731883401863 0.0024198568426072598 28
1731883402402 0.0030771452002227306 29
1731883403304 0.0030633192509412766 30
1731883403898 0.0021660306956619024 31
1731883404436 0.002864213427528739 32
1731883404964 0.0025516939349472523 33
1731883405493 0.0026021809317171574 34
1731883406054 0.0016134774778038263 35
1731883406591 0.003724057460203767 36
1731883407125 0.0031085528898984194 37
1731883408007 0.0024394276551902294 38
1731883408665 0.0032035550102591515 39
1731883409234 0.002217978471890092 40
1731883409763 0.002930189250037074 41
1731883410298 0.001865522819571197 42
1731883410861 0.0034464101772755384 43
1731883411399 0.0023909646552056074 44
1731883411936 0.0024933877866715193 45
1731883412494 0.002444095443934202 46
1731883413082 0.0026404389645904303 47
1731883413681 0.0031805357430130243 48
1731883414300 0.0014743722276762128 49
