1731871141101 0.05846286565065384 0
1731871141931 0.012913956306874752 1
1731871142730 0.0056727370247244835 2
1731871143317 0.003725052811205387 3
1731871144085 0.0031420455779880285 4
1731871144935 0.003387429052963853 5
1731871145602 0.002862481866031885 6
1731871146288 0.002591452794149518 7
1731871146882 0.002603576285764575 8
1731871147467 0.0024907211773097515 9
1731871148247 0.00241747940890491 10
1731871148989 0.0023086087312549353 11
1731871149616 0.0023074897471815348 12
1731871150257 0.0021609575487673283 13
1731871150865 0.002792885759845376 14
1731871151473 0.004445897880941629 15
1731871152079 0.002060940722003579 16
1731871152653 0.0025428279768675566 17
1731871153205 0.0022591284941881895 18
1731871153891 0.0021124680060893297 19
1731871154449 0.0019910605624318123 20
1731871155096 0.002364136278629303 21
1731871155716 0.0020726334769278765 22
1731871156299 0.0018917759880423546 23
1731871156972 0.0021432372741401196 24
1731871157891 0.002040601335465908 25
1731871158486 0.0027319579385221004 26
1731871159054 0.0019944431260228157 27
1731871159601 0.001882456592284143 28
1731871160254 0.0020673058461397886 29
1731871160813 0.001728028291836381 30
1731871161353 0.0018492606468498707 31
1731871161883 0.0019250288605690002 32
1731871162439 0.0019985411781817675 33
1731871163031 0.00209522875957191 34
1731871163597 0.0018174948636442423 35
1731871164232 0.0016196687938645482 36
1731871164825 0.0018045837059617043 37
1731871165430 0.0016708095790818334 38
1731871165993 0.0019896416924893856 39
1731871166572 0.001755911041982472 40
1731871167162 0.001764250686392188 41
1731871167777 0.001774351578205824 42
1731871168332 0.0018330911407247186 43
1731871168885 0.0016642046393826604 44
1731871169925 0.001858268165960908 45
1731871170601 0.0016077826730906963 46
1731871171171 0.0019001252949237823 47
1731871171766 0.0015537519939243793 48
1731871172398 0.0016606423305347562 49
