1731849420384 0.011176154017448425 0
1731849421018 0.0015168087556958199 1
1731849421663 0.0009236526093445718 2
1731849422194 0.0009479583823122084 3
1731849422727 0.0007005992229096591 4
1731849423373 0.0008370545692741871 5
1731849423911 0.001297697308473289 6
1731849424694 0.0006649092538282275 7
1731849425233 0.0008064056164585054 8
1731849425790 0.0007088510901667178 9
1731849426323 0.00072580756386742 10
1731849426940 0.0011750016128644347 11
1731849427471 0.0012265180703252554 12
1731849428119 0.0006333967321552336 13
1731849428648 0.0006399167468771338 14
1731849429182 0.0006361051346175373 15
1731849429806 0.0006985914660617709 16
1731849430371 0.0005290950648486614 17
1731849430927 0.0007117110071703792 18
1731849431463 0.0006822895957157016 19
1731849431992 0.0005404974799603224 20
1731849432508 0.0006510532111860812 21
1731849433183 0.0007325381739065051 22
1731849433722 0.000677193864248693 23
1731849434279 0.0005266648367978632 24
1731849434848 0.0006060125888325274 25
1731849435387 0.0005822991370223463 26
1731849435943 0.0004994979244656861 27
1731849436479 0.0005862106918357313 28
1731849437049 0.0005882263067178428 29
1731849437609 0.000547022616956383 30
1731849438244 0.0005829078145325184 31
1731849438861 0.0005266756634227931 32
1731849439499 0.0005145334871485829 33
1731849440037 0.0005371023435145617 34
1731849440571 0.0005082851275801659 35
1731849441106 0.0004775265115313232 36
1731849441697 0.0004485677636694163 37
1731849442239 0.0008025005226954818 38
1731849442913 0.0014654765836894512 39
1731849443449 0.0009371345513500273 40
1731849444112 0.00043479420128278434 41
1731849444652 0.0005270138499327004 42
1731849445228 0.0005202796310186386 43
1731849445794 0.0005077900132164359 44
1731849446460 0.00044307802454568446 45
1731849446997 0.0004563178226817399 46
1731849447537 0.0003762890410143882 47
1731849448083 0.0004229096230119467 48
1731849448648 0.00044517184142023325 49
1731849449192 0.0005016984068788588 50
1731849449727 0.0004990727175027132 51
1731849450289 0.0003792734059970826 52
1731849451100 0.00035740784369409084 53
1731849451638 0.0003801436396315694 54
1731849452179 0.00036727249971590936 55
1731849452710 0.0005145944305695593 56
1731849453273 0.00046493730042129755 57
1731849453902 0.00048017516382969916 58
1731849454437 0.00035392699646763504 59
1731849454986 0.00039217021549120545 60
1731849455542 0.0004470815765671432 61
1731849456081 0.0003626872203312814 62
1731849456617 0.0003880533331539482 63
1731849457155 0.0003873815876431763 64
1731849457736 0.00042373553151264787 65
1731849458361 0.00039634478162042797 66
1731849458897 0.0005045449361205101 67
1731849459426 0.0003933316038455814 68
1731849459985 0.0004085602122358978 69
1731849460730 0.00039073513471521437 70
1731849461270 0.0003869589709211141 71
1731849461803 0.00036931317299604416 72
1731849462368 0.0003349910257384181 73
1731849462921 0.00033754861215129495 74
1731849463455 0.00033237755997106433 75
1731849463988 0.0003713104233611375 76
1731849464545 0.0003577914321795106 77
1731849465090 0.00040386643377132714 78
1731849465647 0.0003504010965116322 79
1731849466195 0.00037653575418516994 80
1731849466752 0.0004402406048029661 81
1731849467305 0.0003217817866243422 82
1731849467844 0.0003488466318231076 83
1731849468386 0.00034743142896331847 84
1731849469029 0.00032467851997353137 85
1731849469589 0.0003537279844749719 86
1731849470129 0.00034964701626449823 87
1731849470670 0.00031184760155156255 88
1731849471255 0.00031048181699588895 89
1731849471908 0.00030406913720071316 90
1731849472400 0.0003195806057192385 91
1731849472932 0.00030211187549866736 92
1731849473577 0.0003406718315090984 93
1731849474140 0.0003226094413548708 94
1731849474678 0.00031262333504855633 95
1731849475212 0.0004311716475058347 96
1731849475748 0.0003619133203756064 97
1731849476307 0.0004040745843667537 98
1731849476843 0.00032847592956386507 99
