1731882762568 0.052817538380622864 0
1731882763347 0.01213085651397705 1
1731882764107 0.004358530510216951 2
1731882764663 0.0038709104992449284 3
1731882765433 0.002893646713346243 4
1731882766194 0.002423264551907778 5
1731882766823 0.0028765550814568996 6
1731882767788 0.0023381621576845646 7
1731882768369 0.0031927998643368483 8
1731882768946 0.002052903641015291 9
1731882769550 0.0021835726220160723 10
1731882770136 0.002113574417307973 11
1731882770720 0.0018924889154732227 12
1731882771524 0.0020280429162085056 13
1731882772154 0.0030458804685622454 14
1731882772774 0.0020936750806868076 15
1731882773363 0.0020928869489580393 16
1731882774165 0.0016467553796246648 17
1731882774750 0.0016704631270840764 18
1731882775329 0.0020304275676608086 19
1731882775909 0.00214881612919271 20
1731882776524 0.001848971820436418 21
1731882777135 0.00158768892288208 22
1731882777709 0.0027062157168984413 23
1731882778289 0.001697825500741601 24
1731882779274 0.002087996806949377 25
1731882779854 0.0017260644817724824 26
1731882780446 0.0020443624816834927 27
1731882781031 0.0018143750494346023 28
1731882781649 0.0015980573371052742 29
1731882782443 0.00145475915633142 30
1731882783021 0.0015413438668474555 31
1731882783603 0.00169314444065094 32
1731882784210 0.0013838366139680147 33
1731882784789 0.0014120194828137755 34
1731882785362 0.0013631677720695734 35
1731882785945 0.0014015187043696642 36
1731882786767 0.0012603369541466236 37
1731882787362 0.0013130784500390291 38
1731882788132 0.001371066551655531 39
1731882788722 0.0012995756696909666 40
1731882789329 0.0015247362898662686 41
1731882789922 0.0013055470772087574 42
1731882790514 0.0028713166248053312 43
1731882791298 0.0015464307507500052 44
1731882791924 0.001446132780984044 45
1731882792506 0.0014892040053382516 46
1731882793086 0.001244331244379282 47
1731882793696 0.0016395525308325887 48
1731882794472 0.0014275615103542805 49
