1731859027448 0.025871843099594116 0
1731859028071 0.004387592896819115 1
1731859028661 0.004271436017006636 2
1731859029253 0.0024811129551380873 3
1731859029754 0.001881292904727161 4
1731859030366 0.0020031698513776064 5
1731859030860 0.0022734033409506083 6
1731859031489 0.0027710215654224157 7
1731859031983 0.0016157886711880565 8
1731859032591 0.0015842696884647012 9
1731859033087 0.0015432026702910662 10
1731859033580 0.0022833095863461494 11
1731859034160 0.0018979517044499516 12
1731859034642 0.001521890051662922 13
1731859035155 0.001418073195964098 14
1731859035648 0.001516413874924183 15
1731859036138 0.0013181930407881737 16
1731859036628 0.0014672022080048919 17
1731859037144 0.00140858453232795 18
1731859037645 0.001434089383110404 19
1731859038135 0.001393475686199963 20
1731859038621 0.0015495080733671784 21
1731859039116 0.001354154315777123 22
1731859039629 0.0012891518417745829 23
1731859040128 0.0014607408083975315 24
1731859040612 0.001433627214282751 25
1731859041105 0.0014705037465319037 26
1731859041709 0.0014261072501540184 27
1731859042341 0.0011910866014659405 28
1731859042835 0.0014580622082576156 29
1731859043326 0.0012984510976821184 30
1731859043932 0.0011413280153647065 31
1731859044451 0.0011672110995277762 32
1731859044943 0.0013761571608483791 33
1731859045438 0.0011564708547666669 34
1731859045931 0.0011777738109230995 35
1731859046446 0.0012368151219561696 36
1731859046942 0.0012344660935923457 37
1731859047527 0.0011760769411921501 38
1731859048022 0.00140377355273813 39
1731859048513 0.0031607879791408777 40
1731859049026 0.0013908143155276775 41
1731859049622 0.0012426730245351791 42
1731859050205 0.0010807978687807918 43
1731859050698 0.001136471750214696 44
1731859051208 0.001020618132315576 45
1731859051950 0.0010312566300854087 46
1731859052458 0.0013235193910077214 47
1731859052954 0.0010685203596949577 48
1731859053468 0.0012416767422109842 49
