1731882261280 0.055272020399570465 0
1731882262142 0.0072832852602005005 1
1731882262819 0.00895671360194683 2
1731882263501 0.003332515712827444 3
1731882264245 0.006957343779504299 4
1731882265119 0.0021965480409562588 5
1731882265820 0.013062496669590473 6
1731882266559 0.0024303244426846504 7
1731882267276 0.005225392524152994 8
1731882268009 0.004442614037543535 9
1731882268704 0.0034723898861557245 10
1731882269965 0.004349608905613422 11
1731882270674 0.00407403102144599 12
1731882271393 0.003684853669255972 13
1731882272130 0.0026343469507992268 14
1731882272847 0.003584175370633602 15
1731882273594 0.0018790862523019314 16
1731882274336 0.004227044526487589 17
1731882275082 0.002630796516314149 18
1731882275840 0.002389677334576845 19
1731882276573 0.003446862567216158 20
1731882277318 0.002014072146266699 21
1731882278031 0.0031370827928185463 22
1731882278724 0.002631585346534848 23
1731882279393 0.00398011552169919 24
1731882280074 0.0020304378122091293 25
1731882280775 0.002220294438302517 26
1731882281768 0.002402420388534665 27
1731882282399 0.002709241583943367 28
1731882283092 0.004751041065901518 29
1731882283763 0.0016930208075791597 30
1731882284581 0.0041334363631904125 31
1731882285275 0.0017496687360107899 32
1731882285948 0.0020469629671424627 33
1731882286615 0.002710900269448757 34
1731882287292 0.0026890819426625967 35
1731882287983 0.002286273520439863 36
1731882288648 0.001836893381550908 37
1731882289316 0.0022972319275140762 38
1731882290011 0.0016271690838038921 39
1731882290968 0.003319980576634407 40
1731882291779 0.0013543126406148076 41
1731882292478 0.0024728637654334307 42
1731882293140 0.003663145238533616 43
1731882293809 0.0012718148063868284 44
1731882294503 0.0023228218778967857 45
1731882295176 0.0015905634500086308 46
1731882295855 0.0022871780674904585 47
1731882296694 0.0016301918076351285 48
1731882297554 0.0019856758881360292 49
