1731852585854 0.16721820831298828 0
1731852586566 0.1672181934118271 1
1731852587137 0.16721820831298828 2
1731852587802 0.1672181785106659 3
1731852588446 0.1672181934118271 4
1731852588991 0.1672181934118271 5
1731852589542 0.1672181785106659 6
1731852590334 0.16721822321414948 7
1731852591122 0.16721820831298828 8
1731852591690 0.16721822321414948 9
1731852592283 0.1672181785106659 10
1731852592879 0.16721820831298828 11
1731852593547 0.1672181934118271 12
1731852594098 0.1672181934118271 13
1731852595023 0.1672181934118271 14
1731852595557 0.16721822321414948 15
1731852596114 0.1672181785106659 16
1731852596658 0.1672181934118271 17
1731852597171 0.16721820831298828 18
1731852597914 0.16721820831298828 19
1731852598425 0.16721820831298828 20
1731852598927 0.1672181934118271 21
1731852599479 0.1672181934118271 22
1731852600152 0.16721822321414948 23
1731852600792 0.16721820831298828 24
1731852601367 0.1672181934118271 25
1731852601918 0.1672181934118271 26
1731852602454 0.1672181934118271 27
1731852603020 0.16721822321414948 28
1731852603546 0.1672181934118271 29
1731852604257 0.1672181934118271 30
1731852604782 0.16721820831298828 31
1731852605327 0.1672181785106659 32
1731852606166 0.1672181934118271 33
1731852606681 0.16721820831298828 34
1731852607193 0.16721823811531067 35
1731852607756 0.1672181934118271 36
1731852608313 0.16721822321414948 37
1731852608864 0.16721820831298828 38
1731852609442 0.1672181934118271 39
1731852610023 0.1672181934118271 40
1731852610786 0.16721820831298828 41
1731852611337 0.16721822321414948 42
1731852611902 0.16721820831298828 43
1731852612491 0.1672181934118271 44
1731852613064 0.1672181785106659 45
1731852613621 0.1672181934118271 46
1731852614185 0.16721820831298828 47
1731852615006 0.16721820831298828 48
1731852615553 0.1672181934118271 49
