1731796781278 0.06837685406208038 0
1731796781934 0.009264830499887466 1
1731796782547 0.0062553733587265015 2
1731796783459 0.004420256707817316 3
1731796784087 0.0031921006739139557 4
1731796784772 0.002175290137529373 5
1731796785352 0.0017159718554466963 6
1731796785894 0.0014290446415543556 7
1731796786572 0.0019091872964054346 8
1731796787234 0.0016782241873443127 9
1731796787879 0.0018439264968037605 10
1731796788639 0.0018333162879571319 11
1731796789363 0.0017748571699485183 12
1731796790282 0.0018793618073686957 13
1731796790833 0.0016251717461273074 14
1731796791416 0.0016695361118763685 15
1731796791983 0.0017909693997353315 16
1731796792553 0.002675512572750449 17
1731796793203 0.0032700560986995697 18
1731796793783 0.001463160035200417 19
1731796794345 0.0018154720310121775 20
1731796794910 0.0020667938515543938 21
1731796795493 0.0017945202998816967 22
1731796796082 0.0018479963764548302 23
1731796796645 0.00132554245647043 24
1731796797314 0.001532270573079586 25
1731796797863 0.001353030907921493 26
1731796798459 0.001727058319374919 27
1731796799280 0.001724563422612846 28
1731796799833 0.0015624492662027478 29
