1731850768946 0.08005595952272415 0
1731850769591 0.04024410620331764 1
1731850770212 0.032615140080451965 2
1731850770999 0.027859849855303764 3
1731850771737 0.02583901770412922 4
1731850772501 0.02405495010316372 5
1731850773243 0.02148030512034893 6
1731850774078 0.019100777804851532 7
1731850774744 0.017064468935132027 8
1731850775524 0.015247264876961708 9
1731850776227 0.013261284679174423 10
1731850776823 0.011678675189614296 11
1731850777481 0.00959379319101572 12
1731850778416 0.00817103311419487 13
1731850779349 0.007164015434682369 14
1731850780472 0.006032506003975868 15
1731850781314 0.004934688564389944 16
1731850781895 0.004187943413853645 17
1731850782512 0.0033722538501024246 18
1731850783144 0.0027808775193989277 19
1731850783759 0.002295722719281912 20
1731850784523 0.0018182096537202597 21
1731850785253 0.001506172469817102 22
1731850785934 0.00130665791220963 23
1731850786625 0.0011077448725700378 24
1731850787424 0.0009498645667918026 25
1731850788562 0.0008248508675023913 26
