1731861657336 0.12284208834171295 0
1731861657994 0.03908853232860565 1
1731861658652 0.019150221720337868 2
1731861659286 0.015316473320126534 3
1731861659948 0.012172399088740349 4
1731861660481 0.010532821528613567 5
1731861661159 0.009396669454872608 6
1731861661690 0.008813850581645966 7
1731861662473 0.01087761577218771 8
1731861663004 0.007911594584584236 9
1731861663696 0.0071448371745646 10
1731861664234 0.007145833224058151 11
1731861664884 0.006259273737668991 12
1731861665435 0.005689777433872223 13
1731861665967 0.006083136424422264 14
1731861666491 0.005378620233386755 15
1731861667148 0.004655272699892521 16
1731861667702 0.004990734625607729 17
1731861668216 0.006122606806457043 18
1731861668763 0.00493056932464242 19
1731861669295 0.004438393283635378 20
1731861669842 0.005598465446382761 21
1731861670648 0.006753465626388788 22
1731861671229 0.007946150377392769 23
1731861671896 0.007400135509669781 24
1731861672465 0.0050003002397716045 25
1731861673109 0.0036792701575905085 26
1731861673929 0.003936647903174162 27
1731861674483 0.004540527705103159 28
1731861675144 0.0033652428537607193 29
1731861675683 0.00344176241196692 30
1731861676205 0.0036638425663113594 31
1731861676760 0.0032935449853539467 32
1731861677294 0.0032604828011244535 33
1731861678092 0.0032920849043875933 34
1731861678619 0.0038285914342850447 35
1731861679174 0.0032313878182321787 36
1731861679705 0.005483099725097418 37
1731861680235 0.004169332329183817 38
1731861680759 0.0037705402355641127 39
1731861681317 0.003139384323731065 40
1731861681848 0.0034883320331573486 41
1731861682373 0.003268004162237048 42
1731861682898 0.003226914908736944 43
1731861683397 0.003757617436349392 44
1731861683945 0.0036580502055585384 45
1731861684474 0.005542547907680273 46
1731861685002 0.005618914496153593 47
1731861685543 0.002917472505941987 48
1731861686090 0.0032359492033720016 49
