1731850467857 0.1672181338071823 0
1731850468709 0.1672181636095047 1
1731850469310 0.1672181487083435 2
1731850469985 0.1672181636095047 3
1731850470569 0.1672181487083435 4
1731850471165 0.1672181934118271 5
1731850471707 0.1672181636095047 6
1731850472258 0.1672181636095047 7
1731850472839 0.1672181934118271 8
1731850473394 0.1672181338071823 9
1731850473949 0.1672181636095047 10
1731850474598 0.1672181785106659 11
1731850475189 0.1672181785106659 12
1731850475750 0.1672181636095047 13
1731850476357 0.1672181636095047 14
1731850476917 0.1672181636095047 15
1731850477505 0.1672181487083435 16
1731850478087 0.1672181785106659 17
1731850478714 0.1672181487083435 18
1731850479257 0.1672181636095047 19
1731850479821 0.1672181487083435 20
1731850480436 0.1672181487083435 21
1731850481012 0.1672181785106659 22
1731850481654 0.1672181785106659 23
1731850482278 0.1672181487083435 24
1731850482892 0.1672181785106659 25
1731850483484 0.1672181934118271 26
1731850484613 0.1672181785106659 27
1731850485649 0.1672181636095047 28
1731850486564 0.1672181785106659 29
1731850487178 0.1672181785106659 30
1731850487727 0.1672181785106659 31
1731850488382 0.1672181636095047 32
1731850489222 0.1672181785106659 33
1731850489867 0.1672181636095047 34
1731850490454 0.1672181636095047 35
1731850491008 0.1672181487083435 36
1731850491601 0.1672181636095047 37
1731850492263 0.1672181636095047 38
1731850492788 0.1672181785106659 39
1731850493432 0.1672181636095047 40
1731850493983 0.1672181636095047 41
1731850494483 0.1672181338071823 42
1731850495026 0.1672181636095047 43
1731850495707 0.1672181487083435 44
1731850496239 0.1672181636095047 45
1731850496772 0.1672181934118271 46
1731850497307 0.1672181487083435 47
1731850497803 0.1672181636095047 48
1731850498382 0.1672181636095047 49
1731850499004 0.1672181487083435 50
1731850499628 0.1672181636095047 51
1731850500355 0.1672181785106659 52
1731850500864 0.1672181487083435 53
1731850501427 0.1672181636095047 54
1731850502026 0.1672181636095047 55
1731850502783 0.1672181636095047 56
1731850503550 0.1672181487083435 57
1731850504228 0.1672181934118271 58
1731850504905 0.1672181636095047 59
1731850505545 0.1672181487083435 60
1731850506135 0.1672181785106659 61
1731850506784 0.1672181636095047 62
1731850507300 0.1672181785106659 63
1731850507838 0.1672181338071823 64
1731850508477 0.1672181636095047 65
1731850509052 0.1672181934118271 66
1731850509633 0.1672181785106659 67
1731850510461 0.1672181785106659 68
1731850511031 0.1672181636095047 69
1731850511607 0.1672181487083435 70
1731850512137 0.1672181636095047 71
1731850512667 0.1672181785106659 72
1731850513220 0.1672181487083435 73
1731850513727 0.1672181934118271 74
1731850514253 0.1672181636095047 75
1731850514901 0.1672181636095047 76
1731850515460 0.1672181487083435 77
1731850516186 0.1672181934118271 78
1731850516703 0.1672181636095047 79
1731850517249 0.1672181487083435 80
1731850517800 0.1672181785106659 81
1731850518367 0.1672181636095047 82
1731850518881 0.1672181785106659 83
1731850519517 0.1672181636095047 84
1731850520209 0.1672181636095047 85
1731850520773 0.1672181487083435 86
1731850521654 0.1672181934118271 87
1731850522233 0.1672181636095047 88
1731850522867 0.1672181636095047 89
1731850523574 0.1672181636095047 90
1731850524459 0.1672181636095047 91
1731850525028 0.1672181785106659 92
1731850525536 0.1672181338071823 93
1731850526403 0.1672181636095047 94
1731850527051 0.1672181338071823 95
1731850527632 0.1672181487083435 96
1731850528450 0.1672181487083435 97
1731850528967 0.1672181636095047 98
1731850529532 0.1672181487083435 99
