1731867544614 0.13214360177516937 0
1731867545266 0.022723060101270676 1
1731867545906 0.018037013709545135 2
1731867546533 0.010082068853080273 3
1731867547164 0.005895714275538921 4
1731867547687 0.009986194781959057 5
1731867548234 0.0051804399117827415 6
1731867548779 0.004754813387989998 7
1731867549625 0.004067836329340935 8
1731867550317 0.004874282516539097 9
1731867550859 0.0052492013201117516 10
1731867551409 0.00612003356218338 11
1731867552029 0.004143130499869585 12
1731867552560 0.00400366447865963 13
1731867553197 0.0044453986920416355 14
1731867553748 0.004096581134945154 15
1731867554381 0.003409026889130473 16
1731867554994 0.0036807728465646505 17
1731867555570 0.0033664251677691936 18
1731867556208 0.0035392064601182938 19
1731867556824 0.0031041677575558424 20
1731867557456 0.0035883188247680664 21
1731867558006 0.00575329689309001 22
1731867558559 0.005733557976782322 23
1731867559158 0.004373043775558472 24
1731867559872 0.004107640590518713 25
1731867560422 0.004211808554828167 26
1731867560978 0.00304231233894825 27
1731867561513 0.0033747146371752024 28
1731867562059 0.003179316408932209 29
1731867562587 0.0028570438735187054 30
1731867563151 0.003003243124112487 31
1731867563678 0.0028127001132816076 32
1731867564311 0.0034008075017482042 33
1731867564926 0.0034765994641929865 34
1731867565519 0.002819894114509225 35
1731867566151 0.002558305626735091 36
1731867566683 0.002662491286173463 37
1731867567245 0.00240658363327384 38
1731867567776 0.002691993024200201 39
1731867568321 0.003729666117578745 40
1731867568864 0.0025168575812131166 41
1731867569392 0.0023559764958918095 42
1731867570059 0.0024839022662490606 43
1731867570580 0.0032917822245508432 44
1731867571413 0.0023903660476207733 45
1731867572020 0.002449466148391366 46
1731867572551 0.0022937816102057695 47
1731867573095 0.0024713517632335424 48
1731867573624 0.002418999560177326 49
