1731852533675 0.09741044044494629 0
1731852534362 0.03710079938173294 1
1731852535005 0.020680775865912437 2
1731852535630 0.02270476520061493 3
1731852536179 0.01430279016494751 4
1731852536802 0.01068326085805893 5
1731852537453 0.009362632408738136 6
1731852538080 0.008267462253570557 7
1731852538717 0.007723196409642696 8
1731852539247 0.007976585999131203 9
1731852539763 0.0077908155508339405 10
1731852540299 0.006547458469867706 11
1731852541024 0.007005045190453529 12
1731852541649 0.006476121488958597 13
1731852542195 0.005707774311304092 14
1731852542810 0.005238210782408714 15
1731852543486 0.006959759630262852 16
1731852544170 0.0050340453162789345 17
1731852544721 0.0056745391339063644 18
1731852545256 0.009231077507138252 19
1731852545797 0.007956535555422306 20
1731852546366 0.0057144868187606335 21
1731852546986 0.005129572469741106 22
1731852547609 0.006919199600815773 23
1731852548203 0.0042206174694001675 24
1731852549034 0.0043497392907738686 25
1731852549708 0.005657378118485212 26
1731852550314 0.004360186867415905 27
1731852550942 0.0036219379398971796 28
1731852551521 0.004437633324414492 29
1731852552132 0.003971013240516186 30
1731852552845 0.003929530270397663 31
1731852553564 0.0034673118498176336 32
1731852554264 0.003702048910781741 33
1731852554871 0.0037905238568782806 34
1731852555470 0.003119533183053136 35
1731852556072 0.0035729028750211 36
1731852556615 0.0031734935473650694 37
1731852557173 0.0030851822812110186 38
1731852557929 0.003574496367946267 39
1731852558462 0.0033159307204186916 40
1731852559092 0.0029214834794402122 41
1731852559625 0.002804952673614025 42
1731852560261 0.0032396302558481693 43
1731852560782 0.0028731117490679026 44
1731852561319 0.0031312222126871347 45
1731852561922 0.0033370491582900286 46
1731852562612 0.0037930116523057222 47
1731852563243 0.00428039999678731 48
1731852563755 0.0027639921754598618 49
