1731867868425 0.05123256519436836 0
1731867869108 0.020440218970179558 1
1731867869767 0.01162019744515419 2
1731867870409 0.005794530734419823 3
1731867870957 0.0038851581048220396 4
1731867871866 0.005563698709011078 5
1731867872468 0.0038898882921785116 6
1731867873051 0.0035284135956317186 7
1731867873594 0.004575759172439575 8
1731867874175 0.002969492692500353 9
1731867874823 0.0030872162897139788 10
1731867875380 0.00282365083694458 11
1731867875922 0.002841940615326166 12
1731867876489 0.00247979280538857 13
1731867877047 0.003920558374375105 14
1731867877581 0.004002189729362726 15
1731867878128 0.003246550913900137 16
1731867878688 0.003226261120289564 17
1731867879258 0.0037611001171171665 18
1731867879907 0.004269347060471773 19
1731867880577 0.002337335841730237 20
1731867881265 0.002217665081843734 21
1731867881950 0.0021990628447383642 22
1731867882604 0.0023238868452608585 23
1731867883376 0.002136694733053446 24
1731867883922 0.002336263656616211 25
1731867884472 0.0027241073548793793 26
1731867885027 0.0023283667396754026 27
1731867885686 0.0025696647353470325 28
1731867886288 0.002339295344427228 29
1731867886955 0.002376427873969078 30
1731867887591 0.00295430701225996 31
1731867888308 0.004705705214291811 32
1731867888870 0.003290003864094615 33
1731867889434 0.002129874425008893 34
1731867890114 0.002554531442001462 35
1731867890662 0.0018813774222508073 36
1731867891210 0.0018094006227329373 37
1731867891857 0.0017620190046727657 38
1731867892435 0.0017905276035889983 39
1731867893097 0.0018400696571916342 40
1731867893788 0.0018081574235111475 41
1731867894340 0.0016268679173663259 42
1731867894906 0.0021031645592302084 43
1731867895443 0.0017583657754585147 44
1731867895986 0.0018514103721827269 45
1731867896616 0.0017866851994767785 46
1731867897214 0.0014547455357387662 47
1731867897757 0.0014619706198573112 48
1731867898313 0.0016274849185720086 49
