1731852431997 0.07048895210027695 0
1731852432965 0.009137028828263283 1
1731852433609 0.031785499304533005 2
1731852434148 0.011328916065394878 3
1731852434666 0.005806703120470047 4
1731852435202 0.002949328627437353 5
1731852435861 0.0020100176334381104 6
1731852436402 0.002071147318929434 7
1731852436944 0.001789049943909049 8
1731852437579 0.001653250539675355 9
1731852438225 0.0019292606739327312 10
1731852438754 0.0020436050835996866 11
1731852439296 0.0017762045608833432 12
1731852439807 0.0019156535854563117 13
1731852440371 0.0014540511183440685 14
1731852440902 0.0015496721025556326 15
1731852441716 0.0013974698958918452 16
1731852442313 0.0016320922877639532 17
1731852442893 0.001658626482822001 18
1731852443409 0.0015048342756927013 19
1731852443939 0.0014702953631058335 20
1731852444572 0.0014141338178887963 21
1731852445134 0.001402342226356268 22
1731852445659 0.002129040425643325 23
1731852446193 0.002054890850558877 24
1731852446709 0.001514590927399695 25
1731852447261 0.0018878463888540864 26
1731852447783 0.001390452147461474 27
1731852448319 0.001431042910553515 28
1731852448847 0.0030404163990169764 29
1731852449375 0.001512529794126749 30
1731852449927 0.0013549973955377936 31
1731852450444 0.0014141517458483577 32
1731852451085 0.0012723921099677682 33
1731852451600 0.001419469597749412 34
1731852452421 0.0011454657651484013 35
1731852452965 0.0012473304523155093 36
1731852453488 0.0015633618459105492 37
1731852454018 0.0012250440195202827 38
1731852454676 0.0011390687432140112 39
1731852455315 0.0012919597793370485 40
1731852455845 0.0012874434469267726 41
1731852456398 0.0012130035320296884 42
1731852457003 0.0011154875392094254 43
1731852457566 0.0011712623527273536 44
1731852458094 0.0011741003254428506 45
1731852458609 0.0019871252588927746 46
1731852459158 0.001276077819056809 47
1731852459676 0.001021009054966271 48
1731852460311 0.0010545006953179836 49
