1731881405791 0.16613571345806122 0
1731881406150 0.16553276777267456 1
1731881406503 0.165110781788826 2
1731881406860 0.16486193239688873 3
1731881407213 0.16472910344600677 4
1731881407588 0.16465912759304047 5
1731881408109 0.16462336480617523 6
1731881408460 0.1646064966917038 7
1731881408818 0.164598748087883 8
1731881409166 0.16459542512893677 9
1731881409524 0.1645941138267517 10
1731881409881 0.16459359228610992 11
1731881410403 0.1645933985710144 12
1731881410767 0.16459333896636963 13
1731881411107 0.16459327936172485 14
1731881411333 0.16459330916404724 15
1731881411567 0.16459327936172485 16
1731881411797 0.16459329426288605 17
1731881412019 0.16459329426288605 18
1731881412264 0.16459327936172485 19
1731881412510 0.0542849637567997 20
1731881412863 0.02899426780641079 21
1731881413350 0.006305709481239319 22
1731881413732 0.0028199537191540003 23
1731881414086 0.0020070404279977083 24
1731881414309 0.0014573553344234824 25
1731881414556 0.001502901199273765 26
1731881414783 0.001506358734332025 27
1731881415007 0.0013628132874146104 28
1731881415227 0.0013559998478740454 29
1731881415451 0.001311933621764183 30
1731881415679 0.0012140756007283926 31
1731881415905 0.0013825506903231144 32
1731881416129 0.0012091100215911865 33
1731881416350 0.0012409035116434097 34
1731881416717 0.0013323199236765504 35
1731881416948 0.0012638643383979797 36
1731881417174 0.0017799646593630314 37
1731881417562 0.0018145577050745487 38
1731881417799 0.00137013487983495 39
1731881418018 0.0012643573572859168 40
1731881418242 0.001385385636240244 41
1731881418464 0.001514841802418232 42
1731881418693 0.001406888128258288 43
1731881418928 0.001156854210421443 44
1731881419171 0.0012111811665818095 45
1731881419394 0.0016237187664955854 46
1731881419618 0.0011711262632161379 47
1731881419846 0.0012178565375506878 48
1731881420189 0.0016237468225881457 49
