1731874617592 0.009167362935841084 0
1731874619827 0.0014691321412101388 1
1731874621480 0.00189015525393188 2
1731874623314 0.0015011561335995793 3
1731874625017 0.003044546814635396 4
1731874626915 0.0019327003974467516 5
1731874628558 0.0012496859999373555 6
1731874630245 0.0012193254660815 7
1731874632229 0.001232844078913331 8
1731874634191 0.001290908083319664 9
1731874636288 0.0012803113786503673 10
1731874638275 0.0011474366765469313 11
1731874640350 0.0015763540286570787 12
1731874642666 0.0012133870040997863 13
1731874644853 0.0010824076598510146 14
1731874646902 0.0010861392365768552 15
1731874649287 0.0012098693987354636 16
1731874651528 0.0015540494350716472 17
1731874653788 0.001030607265420258 18
1731874655896 0.001087669050320983 19
1731874658482 0.0011748725082725286 20
1731874660376 0.0011510757030919194 21
1731874662240 0.0010762776946648955 22
1731874664302 0.0011136069661006331 23
1731874666593 0.0008553859079256654 24
1731874668442 0.0009085001074708998 25
1731874670229 0.001146943075582385 26
1731874671962 0.0013290008064359426 27
1731874673652 0.001013107248581946 28
1731874675643 0.0009090219391509891 29
1731874677694 0.0012892434606328607 30
1731874680054 0.0009455349645577371 31
1731874681967 0.0010700513375923038 32
1731874684041 0.0010715225944295526 33
1731874686059 0.0011141947470605373 34
1731874688134 0.0009466411429457366 35
1731874690896 0.0010223290883004665 36
1731874692766 0.000823022797703743 37
1731874694431 0.0009056273265741765 38
1731874696286 0.0009897390846163034 39
1731874697963 0.0010346954222768545 40
1731874699637 0.0009786690352484584 41
1731874701324 0.0009408637997694314 42
1731874703068 0.0008139378041960299 43
1731874704744 0.0011004145490005612 44
1731874706649 0.0009875060059130192 45
1731874708399 0.0009985327487811446 46
1731874710103 0.0010130323935300112 47
1731874711743 0.0009949273662641644 48
1731874713481 0.0009752372279763222 49
