1731891463775 0.01885087415575981 0
1731891464839 0.005198451224714518 1
1731891465762 0.004791754763573408 2
1731891466882 0.0026613781228661537 3
1731891467931 0.002724364632740617 4
1731891468846 0.002660129452124238 5
1731891469806 0.0027980469167232513 6
1731891471090 0.00288660591468215 7
1731891472037 0.0031846188940107822 8
1731891472954 0.002619890496134758 9
1731891473907 0.0024866806343197823 10
1731891474830 0.00259941047988832 11
1731891475806 0.0024921121075749397 12
1731891476768 0.0018191625131294131 13
1731891477681 0.0024226168170571327 14
1731891478635 0.002323890570551157 15
1731891479627 0.0018843573052436113 16
1731891480571 0.0019228276796638966 17
1731891481548 0.0022805477492511272 18
1731891482478 0.001768572605215013 19
1731891483487 0.0017598322592675686 20
1731891484603 0.0020354827865958214 21
1731891485533 0.0019535755272954702 22
1731891486508 0.0018509083893150091 23
1731891487508 0.0019600423984229565 24
1731891488583 0.0017676784191280603 25
1731891489506 0.001485194661654532 26
1731891490432 0.002000716282054782 27
1731891491413 0.001795161166228354 28
1731891492340 0.0015876657562330365 29
1731891493305 0.0016415187856182456 30
1731891494455 0.0020402546506375074 31
1731891495377 0.001669749733991921 32
1731891496338 0.001877379952929914 33
1731891497445 0.001657154643908143 34
1731891498410 0.001680190907791257 35
1731891499465 0.0015035929391160607 36
1731891500402 0.0017335352022200823 37
1731891501332 0.001596806338056922 38
1731891502308 0.0015315443743020296 39
1731891503341 0.001332125044427812 40
1731891504265 0.0017350397538393736 41
1731891505198 0.0017268606461584568 42
1731891506465 0.0013825177447870374 43
1731891507417 0.0014130902709439397 44
1731891508364 0.0016506821848452091 45
1731891509392 0.0014493598137050867 46
1731891510391 0.0013584321131929755 47
1731891511336 0.0015701479278504848 48
1731891512299 0.0016236414667218924 49
