1731890854742 0.036705147475004196 0
1731890855530 0.006255467887967825 1
1731890856300 0.002594087040051818 2
1731890857005 0.0022209712769836187 3
1731890857696 0.002476464956998825 4
1731890858481 0.0020513583440333605 5
1731890859193 0.0019864393398165703 6
1731890859909 0.002078322460874915 7
1731890860598 0.001802965416572988 8
1731890861378 0.0017265956848859787 9
1731890862232 0.0017221060115844011 10
1731890863031 0.0015794305363669991 11
1731890863708 0.001756986603140831 12
1731890864420 0.0018671598518267274 13
1731890865092 0.0015224911039695144 14
1731890865827 0.002026139060035348 15
1731890866641 0.0015334542840719223 16
1731890867353 0.0013964141253381968 17
1731890868031 0.0015832016943022609 18
1731890868849 0.0013939966447651386 19
1731890869525 0.0016188848530873656 20
1731890870301 0.0011984423035755754 21
1731890871180 0.0013766250340268016 22
1731890871959 0.0014506441075354815 23
1731890872679 0.0015750561142340302 24
1731890873375 0.0012076832354068756 25
1731890874079 0.001284745056182146 26
1731890874763 0.0012517388677224517 27
1731890875554 0.0011310346890240908 28
1731890876359 0.0011038114316761494 29
1731890877047 0.0011816556798294187 30
1731890877832 0.0014257330913096666 31
1731890878575 0.001401068875566125 32
1731890879265 0.0011476700892671943 33
1731890879940 0.0011371092405170202 34
1731890880802 0.0011524225119501352 35
1731890881493 0.0010739959543570876 36
1731890882220 0.0010354651603847742 37
1731890882930 0.001117317471653223 38
1731890883706 0.001105987699702382 39
1731890884382 0.0010059361811727285 40
1731890885126 0.0009492180543020368 41
1731890885926 0.0010998450452461839 42
1731890886603 0.0017208195058628917 43
1731890887328 0.0010951400035992265 44
1731890888032 0.001029401202686131 45
1731890888714 0.0011237874859943986 46
1731890889388 0.0010303081944584846 47
1731890890100 0.0013991993619129062 48
1731890890902 0.0009691899176687002 49
