1731860382621 0.0855589285492897 0
1731860383266 0.04396989196538925 1
1731860383887 0.029050448909401894 2
1731860384505 0.018127165734767914 3
1731860385080 0.06455438584089279 4
1731860385676 0.03445139154791832 5
1731860386192 0.018952658399939537 6
1731860386815 0.011689020320773125 7
1731860387360 0.013047267682850361 8
1731860387873 0.011488748714327812 9
1731860388663 0.01042230986058712 10
1731860389292 0.010443434119224548 11
1731860389826 0.010411135852336884 12
1731860390337 0.009146333672106266 13
1731860390853 0.008846750482916832 14
1731860391366 0.008539075963199139 15
1731860391899 0.007825746200978756 16
1731860392527 0.007603545673191547 17
1731860393038 0.007252427749335766 18
1731860393665 0.00702338432893157 19
1731860394244 0.007418194320052862 20
1731860394755 0.00674076285213232 21
1731860395384 0.00641548540443182 22
1731860396164 0.0062905424274504185 23
1731860396695 0.006718522869050503 24
1731860397208 0.005764876026660204 25
1731860397720 0.006101238075643778 26
1731860398228 0.006496787071228027 27
1731860398760 0.00943468976765871 28
1731860399274 0.009884984232485294 29
1731860399782 0.007619201671332121 30
1731860400428 0.0055342866107821465 31
1731860401071 0.005080736707895994 32
1731860401582 0.005110953468829393 33
1731860402097 0.005059997551143169 34
1731860402732 0.005260998383164406 35
1731860403262 0.005358661524951458 36
1731860403767 0.004546574782580137 37
1731860404280 0.004794502630829811 38
1731860404796 0.004715720657259226 39
1731860405617 0.004377820994704962 40
1731860406246 0.004301383160054684 41
1731860406757 0.003987330012023449 42
1731860407283 0.004276322666555643 43
1731860407819 0.0055937147699296474 44
1731860408341 0.005400191061198711 45
1731860408847 0.004062558524310589 46
1731860409363 0.004422899801284075 47
1731860409900 0.003663259092718363 48
1731860410522 0.004119450692087412 49
