1731882219871 0.04562400281429291 0
1731882220427 0.009271611459553242 1
1731882220795 0.005465441849082708 2
1731882221304 0.004029254894703627 3
1731882221669 0.004155202768743038 4
1731882222151 0.0031771291978657246 5
1731882222636 0.0029121804982423782 6
1731882223013 0.003986812196671963 7
1731882223389 0.0030713938176631927 8
1731882223764 0.003624022239819169 9
1731882224124 0.00386332836933434 10
1731882224798 0.002432712120935321 11
1731882225174 0.0029010327998548746 12
1731882225558 0.0029069706797599792 13
1731882225928 0.00350083876401186 14
1731882226422 0.0022471710108220577 15
1731882226818 0.0022083872463554144 16
1731882227183 0.002704320941120386 17
1731882227552 0.0017947752494364977 18
1731882228056 0.0017372530419379473 19
1731882228423 0.00253064907155931 20
1731882228789 0.0022223186679184437 21
1731882229152 0.0023488178849220276 22
1731882229516 0.002304644323885441 23
1731882229883 0.0020217066630721092 24
1731882230394 0.002055300399661064 25
1731882230767 0.0016857996815815568 26
1731882231186 0.002345653949305415 27
1731882231606 0.0018675915198400617 28
1731882232128 0.0018736260244622827 29
1731882232507 0.0020130788907408714 30
1731882232882 0.0019388820510357618 31
1731882233242 0.0019524297676980495 32
1731882233610 0.0015903287567198277 33
1731882233970 0.0020988222677260637 34
1731882234336 0.0018306418787688017 35
1731882234699 0.002089036162942648 36
1731882235090 0.0014444527914747596 37
1731882235451 0.002987043233588338 38
1731882236091 0.0026759044267237186 39
1731882236524 0.0014404901303350925 40
1731882236929 0.0016267385799437761 41
1731882237316 0.0019992708694189787 42
1731882237675 0.0018625311786308885 43
1731882238037 0.002127262530848384 44
1731882238381 0.001882796292193234 45
1731882238737 0.0019977965857833624 46
1731882239230 0.0017059724777936935 47
1731882239616 0.0014713896671310067 48
1731882239983 0.0015963588375598192 49
