1731872723491 0.044338393956422806 0
1731872724767 0.014975400641560555 1
1731872725972 0.0072594378143548965 2
1731872727042 0.003925221972167492 3
1731872728118 0.004134930670261383 4
1731872729199 0.0050993249751627445 5
1731872730343 0.0028823339380323887 6
1731872731724 0.0029976326040923595 7
1731872733059 0.0023337651509791613 8
1731872734655 0.0026115120854228735 9
1731872735720 0.002727310638874769 10
1731872736818 0.0027781107928603888 11
1731872737969 0.0025202841497957706 12
1731872739292 0.0033694589510560036 13
1731872740418 0.002779002534225583 14
1731872741572 0.0032969738822430372 15
1731872742721 0.002355133183300495 16
1731872743963 0.0023682245519012213 17
1731872745551 0.002099942648783326 18
1731872746839 0.0022516795434057713 19
1731872748038 0.0021849311888217926 20
1731872749184 0.0020639216527342796 21
1731872750570 0.002778580877929926 22
1731872751860 0.0024083522148430347 23
1731872753112 0.002555265324190259 24
1731872754297 0.0032368439715355635 25
1731872755401 0.0024778114166110754 26
1731872756734 0.002011568984016776 27
1731872758003 0.0016818966250866652 28
1731872759477 0.0015945556806400418 29
1731872760626 0.0015790372854098678 30
1731872761857 0.0014241179451346397 31
1731872763396 0.0016615252243354917 32
1731872764666 0.003237354103475809 33
1731872765801 0.0016498820623382926 34
1731872766964 0.001569985062815249 35
1731872768080 0.001690724864602089 36
1731872769230 0.003056546673178673 37
1731872770547 0.0015621063066646457 38
1731872772331 0.0026467712596058846 39
1731872773577 0.0014121982967481017 40
1731872774735 0.0014327074168249965 41
1731872775880 0.0013616561191156507 42
1731872777163 0.0015641266945749521 43
1731872778569 0.0014304454671218991 44
1731872779929 0.0015493534738197923 45
1731872781322 0.0018081716261804104 46
1731872782842 0.0012812674976885319 47
1731872784202 0.0012260222574695945 48
1731872785748 0.0018288939027115703 49
