1731853913368 0.20378674566745758 0
1731853913987 0.179449200630188 1
1731853914622 0.1703435778617859 2
1731853915229 0.1673114001750946 3
1731853915943 0.16643713414669037 4
1731853916650 0.16622695326805115 5
1731853917304 0.166182741522789 6
1731853918079 0.16617485880851746 7
1731853918715 0.16617374122142792 8
1731853919329 0.16617362201213837 9
1731853919958 0.16617359220981598 10
1731853920490 0.16617360711097717 11
1731853921000 0.16617360711097717 12
1731853921504 0.16617357730865479 13
1731853922014 0.16617362201213837 14
1731853922518 0.16617362201213837 15
1731853923028 0.16617362201213837 16
1731853923534 0.16617360711097717 17
1731853924046 0.16617360711097717 18
1731853924557 0.16617360711097717 19
1731853925087 0.16617360711097717 20
1731853925597 0.16617360711097717 21
1731853926107 0.16617360711097717 22
1731853926617 0.16617362201213837 23
1731853927143 0.16617360711097717 24
1731853927659 0.16617360711097717 25
1731853928166 0.16617360711097717 26
1731853928810 0.16617362201213837 27
1731853929337 0.16617362201213837 28
1731853929851 0.16617360711097717 29
1731853930360 0.16617359220981598 30
1731853930863 0.16617360711097717 31
1731853931359 0.16617362201213837 32
1731853931867 0.16617362201213837 33
1731853932376 0.16617363691329956 34
1731853932887 0.16617360711097717 35
1731853933396 0.16617360711097717 36
1731853933921 0.16617359220981598 37
1731853934419 0.16617360711097717 38
1731853934911 0.16617362201213837 39
1731853935421 0.16617360711097717 40
1731853935929 0.16617360711097717 41
1731853936465 0.16617363691329956 42
1731853936974 0.16617362201213837 43
1731853937491 0.16617362201213837 44
1731853937994 0.16617360711097717 45
1731853938518 0.16617359220981598 46
1731853939031 0.16617360711097717 47
1731853939544 0.16617359220981598 48
1731853940061 0.16617360711097717 49
