1731852171399 0.07892799377441406 0
1731852172015 0.040394991636276245 1
1731852172610 0.03659110516309738 2
1731852173224 0.03375565633177757 3
1731852173850 0.03025878593325615 4
1731852174440 0.02706809528172016 5
1731852175198 0.02398230880498886 6
1731852175924 0.021299442276358604 7
1731852176587 0.018487103283405304 8
1731852177254 0.016243072226643562 9
1731852178036 0.013703594915568829 10
1731852178768 0.011670698411762714 11
1731852179485 0.009743039496243 12
1731852180175 0.007073102053254843 13
1731852180925 0.006766029633581638 14
1731852181980 0.005608021281659603 15
1731852182669 0.004532946739345789 16
1731852183364 0.003557771909981966 17
1731852184030 0.003033044282346964 18
1731852184621 0.0024671622086316347 19
1731852185276 0.002090966096147895 20
1731852185883 0.001955961575731635 21
1731852186478 0.001650491263717413 22
1731852187292 0.0015633800067007542 23
1731852187901 0.0014487270964309573 24
1731852188499 0.0013625449500977993 25
1731852189098 0.0012727939756587148 26
1731852189802 0.0011758607579395175 27
1731852190554 0.0011240370804443955 28
1731852191169 0.0011091337073594332 29
1731852191720 0.0009899063734337687 30
1731852192401 0.0009928429499268532 31
1731852192972 0.0010119483340531588 32
1731852193548 0.0009228088892996311 33
1731852194197 0.0009366070735268295 34
1731852195436 0.0008968423935584724 35
1731852196751 0.0009202858782373369 36
1731852197973 0.0008880095556378365 37
1731852198806 0.0008177395211532712 38
1731852199454 0.0008122954750433564 39
1731852200026 0.0008353678858838975 40
1731852200547 0.0008365613757632673 41
1731852201267 0.0008001120295375586 42
1731852201892 0.0007986762211658061 43
1731852202509 0.0007832112023606896 44
1731852203122 0.0007677532266825438 45
1731852203765 0.0007765446789562702 46
1731852204468 0.0007557434146292508 47
1731852205258 0.0007265823660418391 48
1731852205963 0.0007614518981426954 49
