1731872518921 0.049697283655405045 0
1731872519650 0.012663677334785461 1
1731872520344 0.027905751019716263 2
1731872521007 0.01079668290913105 3
1731872521727 0.0046877688728272915 4
1731872522408 0.004155274946242571 5
1731872523064 0.0035766002256423235 6
1731872523641 0.003592896508052945 7
1731872524357 0.003473036689683795 8
1731872524902 0.003113669343292713 9
1731872525690 0.003116259351372719 10
1731872526411 0.0034698788076639175 11
1731872526975 0.003119868226349354 12
1731872527570 0.002983628772199154 13
1731872528711 0.0028828084468841553 14
1731872529483 0.0027606443036347628 15
1731872530051 0.00266272877342999 16
1731872530653 0.0026703488547354937 17
1731872531440 0.002530392026528716 18
1731872532010 0.0024463736917823553 19
1731872532599 0.0024293207097798586 20
1731872533276 0.002700845478102565 21
1731872534104 0.002534054219722748 22
1731872534981 0.002328551607206464 23
1731872535637 0.002168618841096759 24
1731872536337 0.002124873688444495 25
1731872536944 0.0020913700573146343 26
1731872537507 0.0019606351852416992 27
1731872538107 0.002053425181657076 28
1731872538831 0.0019123194506391883 29
1731872539425 0.0019665865693241358 30
1731872539980 0.002108087297528982 31
1731872541022 0.0022617175709456205 32
1731872541764 0.0019037609454244375 33
1731872542404 0.001869049621745944 34
1731872543084 0.0017979658441618085 35
1731872543726 0.001779811573214829 36
1731872544313 0.001721567241474986 37
1731872544984 0.0016919667832553387 38
1731872545626 0.0017531688790768385 39
1731872546204 0.0016829983796924353 40
1731872546761 0.0016116793267428875 41
1731872547398 0.0017186562763527036 42
1731872547999 0.0018177240854129195 43
1731872548598 0.0015083596808835864 44
1731872549302 0.00179157848469913 45
1731872549883 0.0016061995411291718 46
1731872550556 0.002051027026027441 47
1731872551246 0.001705944538116455 48
1731872552154 0.0016798408469185233 49
