1731867027209 0.042437076568603516 0
1731867027945 0.006480115465819836 1
1731867028524 0.004000322427600622 2
1731867029240 0.0036375410854816437 3
1731867030154 0.003720682580024004 4
1731867030717 0.0030539585277438164 5
1731867031392 0.0022594304755330086 6
1731867031953 0.0025292495265603065 7
1731867032689 0.002422766759991646 8
1731867033272 0.002123423619195819 9
1731867033822 0.0022847172804176807 10
1731867034481 0.0016380954766646028 11
1731867035058 0.0030600379686802626 12
1731867035778 0.0017117991810664535 13
1731867036329 0.0017536066006869078 14
1731867036925 0.0016284198500216007 15
1731867037499 0.0015903660096228123 16
1731867038066 0.0021512696985155344 17
1731867038832 0.0019094649469479918 18
1731867039399 0.0015802092384546995 19
1731867039964 0.0014718641759827733 20
1731867040519 0.001746110268868506 21
1731867041101 0.0015504779294133186 22
1731867041701 0.0019000524189323187 23
1731867042309 0.0046980674378573895 24
1731867042973 0.002155775437131524 25
1731867043580 0.0016506147803738713 26
1731867044293 0.0014884701231494546 27
1731867044919 0.0014750371919944882 28
1731867045526 0.0016502762446179986 29
1731867046148 0.0015146010555326939 30
1731867046870 0.001240147277712822 31
1731867047583 0.0013503374066203833 32
1731867048396 0.0017642723396420479 33
1731867048998 0.0016190134920179844 34
1731867049705 0.0013784642796963453 35
1731867050303 0.0012268490390852094 36
1731867050898 0.00121887621935457 37
1731867051626 0.001923233736306429 38
1731867052191 0.0023484171833842993 39
1731867052783 0.0012782205594703555 40
1731867053359 0.0012022226583212614 41
1731867053932 0.0011148143094033003 42
1731867054502 0.001390734687447548 43
1731867055068 0.0025622777175158262 44
1731867055647 0.0020423904061317444 45
1731867056406 0.001679327804595232 46
1731867057167 0.0021716926712542772 47
1731867057750 0.0016980277141556144 48
1731867058340 0.0020457629580050707 49
