1731861456695 0.07497813552618027 0
1731861457512 0.03284584358334541 1
1731861458232 0.019901396706700325 2
1731861458753 0.014081963337957859 3
1731861459394 0.010935414582490921 4
1731861459924 0.00958532840013504 5
1731861460469 0.008074193261563778 6
1731861461110 0.008153756149113178 7
1731861461899 0.008841995149850845 8
1731861462567 0.006510418839752674 9
1731861463097 0.00588579848408699 10
1731861463619 0.006622996646910906 11
1731861464115 0.005497472360730171 12
1731861464670 0.004749031271785498 13
1731861465305 0.0045437924563884735 14
1731861465829 0.004974388517439365 15
1731861466350 0.00561347883194685 16
1731861466891 0.0037708051968365908 17
1731861467422 0.006273872684687376 18
1731861468062 0.004419301170855761 19
1731861468585 0.004096699878573418 20
1731861469121 0.005663891788572073 21
1731861469643 0.004076817538589239 22
1731861470158 0.0045974296517670155 23
1731861470985 0.0031677675433456898 24
1731861471643 0.004259306937456131 25
1731861472170 0.007978837937116623 26
1731861472687 0.005217660218477249 27
1731861473208 0.003173510544002056 28
1731861473883 0.003067364450544119 29
1731861474400 0.0030312594026327133 30
1731861474916 0.00279233162291348 31
1731861475427 0.003009401960298419 32
1731861475968 0.0029109877068549395 33
1731861476489 0.00270688789896667 34
1731861477013 0.002793016145005822 35
1731861477833 0.003865037579089403 36
1731861478388 0.0024220116902142763 37
1731861479029 0.0026344868820160627 38
1731861479554 0.003973770420998335 39
1731861480085 0.003216806799173355 40
1731861480632 0.0028152328450232744 41
1731861481155 0.00259878346696496 42
1731861481673 0.0034741549752652645 43
1731861482186 0.0025798282586038113 44
1731861482734 0.002346247201785445 45
1731861483382 0.0024299516808241606 46
1731861483909 0.0028435331769287586 47
1731861484429 0.0026093448977917433 48
1731861484981 0.002954927971586585 49
