1731877957534 0.025143394246697426 0
1731877958324 0.007707909680902958 1
1731877959015 0.005654560402035713 2
1731877959730 0.004706804174929857 3
1731877960417 0.004557723645120859 4
1731877961212 0.0037720489781349897 5
1731877961926 0.004103858955204487 6
1731877962617 0.003927445504814386 7
1731877963302 0.0033146385103464127 8
1731877963999 0.003545212559401989 9
1731877965027 0.003127036150544882 10
1731877965707 0.0028883321210741997 11
1731877966598 0.0028096125461161137 12
1731877967283 0.0025694272480905056 13
1731877968071 0.002713385969400406 14
1731877968755 0.002796292072162032 15
1731877969469 0.002388042863458395 16
1731877970145 0.0023377954494208097 17
1731877970837 0.0022261538542807102 18
1731877971548 0.0024932355154305696 19
1731877972226 0.0022926791571080685 20
1731877972894 0.002353138756006956 21
1731877973703 0.0018924634205177426 22
1731877974394 0.0021568278316408396 23
1731877975092 0.0021208839025348425 24
1731877975789 0.002262082416564226 25
1731877976502 0.0022211296018213034 26
1731877977180 0.0019213648047298193 27
1731877978030 0.0017318021273240447 28
1731877978757 0.002320678438991308 29
1731877979447 0.0017038800287991762 30
1731877980152 0.0020611961372196674 31
1731877980865 0.001875495188869536 32
1731877981551 0.0016212667105719447 33
1731877982225 0.0019037722377106547 34
1731877982937 0.0016901690978556871 35
1731877983654 0.0019094416638836265 36
1731877984349 0.0019295451929792762 37
1731877985064 0.001800606376491487 38
1731877985759 0.0016556289047002792 39
1731877986445 0.0018071449594572186 40
1731877987146 0.0017397658666595817 41
1731877987862 0.00168335298076272 42
1731877988563 0.0016826982609927654 43
1731877989512 0.0017956480151042342 44
1731877990228 0.0015228494303300977 45
1731877990927 0.00140743691008538 46
1731877991621 0.0015676635084673762 47
1731877992425 0.0015096869319677353 48
1731877993108 0.0013856836594641209 49
