1731869222805 0.029569117352366447 0
1731869223471 0.016264988109469414 1
1731869224116 0.007125872652977705 2
1731869224748 0.005359094124287367 3
1731869225441 0.005945333745330572 4
1731869226176 0.003735058242455125 5
1731869226857 0.0034905136562883854 6
1731869227730 0.0032974944915622473 7
1731869228300 0.00354382093064487 8
1731869229005 0.0036539731081575155 9
1731869229584 0.003079581307247281 10
1731869230183 0.004523576702922583 11
1731869230875 0.002755100140348077 12
1731869231448 0.0026579811237752438 13
1731869232133 0.002691658679395914 14
1731869232717 0.0023622578009963036 15
1731869233297 0.002619941486045718 16
1731869233868 0.003166064154356718 17
1731869234456 0.0025553081650286913 18
1731869235069 0.002735110931098461 19
1731869235623 0.0025921135675162077 20
1731869236204 0.0021131346002221107 21
1731869236779 0.0022107763215899467 22
1731869237593 0.0050625926814973354 23
1731869238146 0.003078004578128457 24
1731869238684 0.0021205502562224865 25
1731869239349 0.0019712778739631176 26
1731869239899 0.0021162540651857853 27
1731869240435 0.0021804242860525846 28
1731869240963 0.0023111621849238873 29
1731869241546 0.0018772834446281195 30
1731869242086 0.001732649514451623 31
1731869242634 0.001705723232589662 32
1731869243176 0.0016903224168345332 33
1731869243845 0.001671369536779821 34
1731869244381 0.0022012898698449135 35
1731869244945 0.002599284751340747 36
1731869245584 0.0017049646703526378 37
1731869246153 0.0016035308362916112 38
1731869246779 0.0015383476857095957 39
1731869247367 0.002276679268106818 40
1731869248076 0.0015782221453264356 41
1731869248687 0.0018683734815567732 42
1731869249227 0.0016218926757574081 43
1731869249786 0.0015366475563496351 44
1731869250347 0.0014027790166437626 45
1731869251021 0.0017312392592430115 46
1731869251565 0.0019506346434354782 47
1731869252101 0.0016711581265553832 48
1731869252751 0.0013387086801230907 49
