1731876891849 0.0430985726416111 0
1731876892687 0.005782456137239933 1
1731876893400 0.0050149597227573395 2
1731876894301 0.0033157875295728445 3
1731876895287 0.00314363744109869 4
1731876896013 0.002663356950506568 5
1731876896722 0.0030411279294639826 6
1731876897452 0.002726018661633134 7
1731876898168 0.0027851599734276533 8
1731876898964 0.002260044915601611 9
1731876899707 0.002332290168851614 10
1731876900426 0.0020205650944262743 11
1731876901138 0.0021109424997121096 12
1731876901876 0.0017840422224253416 13
1731876902685 0.002040622755885124 14
1731876903402 0.0019307418260723352 15
1731876904144 0.002102677943184972 16
1731876905112 0.0018171501578763127 17
1731876905832 0.002367996610701084 18
1731876906574 0.0016164748230949044 19
1731876907391 0.001687783980742097 20
1731876908115 0.0017006645211949944 21
1731876908945 0.001532727386802435 22
1731876909665 0.0016023616772145033 23
1731876910380 0.0015700975200161338 24
1731876911127 0.001530101872049272 25
1731876911841 0.0018986515933647752 26
1731876912554 0.0015953800175338984 27
1731876913293 0.0015751479659229517 28
1731876914108 0.0014477198710665107 29
1731876914824 0.0014804047532379627 30
1731876915793 0.0013256286038085818 31
1731876916523 0.0016938946209847927 32
1731876917241 0.0015632187714800239 33
1731876917981 0.001420254004187882 34
1731876918798 0.0015009879134595394 35
1731876919616 0.0016351903323084116 36
1731876920361 0.0012766238069161773 37
1731876921081 0.0012456497643142939 38
1731876921795 0.0011664379853755236 39
1731876922538 0.001418009982444346 40
1731876923251 0.0013354630209505558 41
1731876923978 0.0018130934331566095 42
1731876924719 0.0015386954182758927 43
1731876925435 0.0015285004628822207 44
1731876926247 0.0014712988631799817 45
1731876927229 0.0012742702383548021 46
1731876927948 0.0011065836297348142 47
1731876928662 0.001250352361239493 48
1731876929400 0.0011173160746693611 49
