1731858005673 0.2660876214504242 0
1731858006392 0.08723857998847961 1
1731858007125 0.03525658696889877 2
1731858007912 0.03737187758088112 3
1731858008665 0.0232144296169281 4
1731858009418 0.024822551757097244 5
1731858010539 0.013802173547446728 6
1731858011114 0.013732964172959328 7
1731858011790 0.017540084198117256 8
1731858012344 0.011292314156889915 9
1731858013211 0.008641183376312256 10
1731858013764 0.008371898904442787 11
1731858014504 0.00733989616855979 12
1731858015223 0.006826294120401144 13
1731858015801 0.009690403006970882 14
1731858016514 0.0068122996017336845 15
1731858017263 0.008164730854332447 16
1731858017882 0.0074875387363135815 17
1731858018453 0.012734498828649521 18
1731858019051 0.014431395567953587 19
1731858019927 0.011235767975449562 20
1731858020794 0.008304538205265999 21
1731858021754 0.006008588708937168 22
1731858022606 0.005608716048300266 23
1731858023403 0.006139801349490881 24
1731858024398 0.005764754023402929 25
1731858025060 0.005215426441282034 26
1731858025902 0.006400211714208126 27
1731858026494 0.0076203481294214725 28
1731858027047 0.012442974373698235 29
1731858027719 0.005753969307988882 30
1731858028323 0.006828906014561653 31
1731858029076 0.012436332181096077 32
1731858029656 0.008794166147708893 33
1731858030268 0.008299860171973705 34
1731858030825 0.00586705282330513 35
1731858031424 0.006190591491758823 36
1731858032027 0.005217817146331072 37
1731858032629 0.005038002971559763 38
1731858033543 0.005134018138051033 39
1731858034332 0.011630247347056866 40
1731858035023 0.0068694246001541615 41
1731858035979 0.005546667147427797 42
1731858036731 0.0062093897722661495 43
1731858037503 0.004756597336381674 44
1731858038407 0.006799063645303249 45
1731858038987 0.005207274109125137 46
1731858039591 0.004501674324274063 47
1731858040251 0.0040776790119707584 48
1731858040846 0.0047670830972492695 49
