1731851724327 0.04316238313913345 0
1731851725123 0.018112700432538986 1
1731851725877 0.015270674601197243 2
1731851726559 0.011748598888516426 3
1731851727306 0.00986323133111 4
1731851727892 0.007551735732704401 5
1731851728604 0.005883314646780491 6
1731851729191 0.004688608460128307 7
1731851729803 0.0037670976016670465 8
1731851730536 0.002764179604128003 9
1731851731087 0.002650075126439333 10
1731851731718 0.0020884873811155558 11
1731851732256 0.001744491164572537 12
1731851732905 0.001749701565131545 13
1731851733529 0.0015920030418783426 14
1731851734122 0.0014779341872781515 15
1731851734930 0.0013906422536820173 16
1731851735641 0.0012850099010393023 17
1731851736298 0.001194550422951579 18
1731851736854 0.0012555812718346715 19
1731851737427 0.001186486566439271 20
1731851738032 0.0011756137246266007 21
1731851738670 0.0010928120464086533 22
1731851739345 0.0010898631298914552 23
1731851739944 0.001075239502824843 24
1731851740463 0.0009835376404225826 25
1731851741054 0.0009654748137108982 26
1731851741688 0.0010060709901154041 27
1731851742217 0.0009689839789643884 28
1731851742728 0.0009594673756510019 29
1731851743255 0.0009160983026959002 30
1731851743808 0.0009148115641437471 31
1731851744370 0.0008690841495990753 32
1731851745174 0.0008609877550043166 33
1731851745827 0.0008399939979426563 34
1731851746489 0.0008462242549285293 35
1731851747726 0.0008350952994078398 36
1731851748458 0.0008305057999677956 37
1731851749241 0.0008219919400289655 38
1731851749764 0.0008119082194752991 39
1731851750384 0.0008183874888345599 40
1731851750906 0.0007991442107595503 41
1731851751525 0.0007678368128836155 42
1731851752118 0.0008035035571083426 43
1731851752650 0.0007734472746960819 44
1731851753234 0.0007763687171973288 45
1731851753871 0.0007748205098323524 46
1731851754397 0.0007688304758630693 47
1731851755210 0.0007598685333505273 48
1731851755825 0.0007571270107291639 49
