1731879790969 0.05486862733960152 0
1731879791505 0.008188612759113312 1
1731879792007 0.00480815302580595 2
1731879792503 0.004732306580990553 3
1731879792904 0.0032177481334656477 4
1731879793290 0.0044794511049985886 5
1731879793699 0.0032563793938606977 6
1731879794079 0.003145201364532113 7
1731879794587 0.0032687298953533173 8
1731879795090 0.0022453819401562214 9
1731879795488 0.0030230432748794556 10
1731879795903 0.003645789809525013 11
1731879796286 0.002604867797344923 12
1731879796670 0.0026747528463602066 13
1731879797034 0.002753212582319975 14
1731879797391 0.0022947920951992273 15
1731879798086 0.002506921999156475 16
1731879798500 0.0022894416470080614 17
1731879798904 0.0019787373021245003 18
1731879799296 0.0022107427939772606 19
1731879799684 0.0019421539036557078 20
1731879800072 0.0020592098589986563 21
1731879800482 0.002094507683068514 22
1731879800864 0.002168721053749323 23
1731879801238 0.001704470836557448 24
1731879801619 0.0020197152625769377 25
1731879802001 0.0019477892201393843 26
1731879802516 0.0019572938326746225 27
1731879802920 0.002061291830614209 28
1731879803276 0.0017923761624842882 29
1731879803664 0.0019963192753493786 30
1731879804046 0.001813649432733655 31
1731879804424 0.0020828493870794773 32
1731879804832 0.002276826184242964 33
1731879805210 0.001969889272004366 34
1731879805593 0.0016296972753480077 35
1731879806071 0.0017327849054709077 36
1731879806455 0.0017111951019614935 37
1731879806845 0.0019670946057885885 38
1731879807250 0.0015570184914395213 39
1731879807638 0.0017630939837545156 40
1731879808028 0.0020174437668174505 41
1731879808553 0.0017999103292822838 42
1731879808945 0.0017088076565414667 43
1731879809458 0.0016716913087293506 44
1731879809850 0.001853297115303576 45
1731879810229 0.001522891572676599 46
1731879810610 0.0017305781366303563 47
1731879811001 0.0016412169206887484 48
1731879811396 0.0016873723361641169 49
