1731854005863 0.07849572598934174 0
1731854006501 0.06878820806741714 1
1731854007131 0.05807647854089737 2
1731854007759 0.05102323740720749 3
1731854008299 0.064992256462574 4
1731854008827 0.04968330264091492 5
1731854009342 0.04707656800746918 6
1731854009966 0.044600050896406174 7
1731854010498 0.04514163359999657 8
1731854011012 0.04322260245680809 9
1731854011787 0.042151227593421936 10
1731854012331 0.03422745689749718 11
1731854012858 0.033573996275663376 12
1731854013386 0.03154994547367096 13
1731854013903 0.026877427473664284 14
1731854014411 0.024083377793431282 15
1731854015054 0.020046710968017578 16
1731854015688 0.015130540356040001 17
1731854016316 0.01207043882459402 18
1731854017110 0.01065027341246605 19
1731854017748 0.011379520408809185 20
1731854018354 0.009052126668393612 21
1731854018975 0.010234121233224869 22
1731854019637 0.008758343756198883 23
1731854020165 0.007680876180529594 24
1731854020799 0.010210578329861164 25
1731854021320 0.012481452897191048 26
1731854022007 0.00822015106678009 27
1731854022516 0.007491146679967642 28
1731854023027 0.006664822809398174 29
1731854023667 0.006125131621956825 30
1731854024209 0.005856721196323633 31
1731854024730 0.005309727042913437 32
1731854025251 0.005787089467048645 33
1731854025759 0.00546793919056654 34
1731854026406 0.006606299430131912 35
1731854026924 0.007264178246259689 36
1731854027650 0.0050469269044697285 37
1731854028220 0.004497956950217485 38
1731854028766 0.0057349978014826775 39
1731854029277 0.005035961512476206 40
1731854029794 0.004705595318228006 41
1731854030413 0.004921331536024809 42
1731854031104 0.004170221276581287 43
1731854031618 0.004006258677691221 44
1731854032132 0.0041093770414590836 45
1731854032661 0.00445261737331748 46
1731854033181 0.0046388073824346066 47
1731854033713 0.003807617584243417 48
1731854034225 0.003646627999842167 49
