1731893409007 0.05077500641345978 0
1731893409902 0.009317410178482533 1
1731893410826 0.005986486561596394 2
1731893411721 0.004865892231464386 3
1731893412552 0.004032398108392954 4
1731893413366 0.007185723632574081 5
1731893414199 0.003418529173359275 6
1731893415002 0.004313319455832243 7
1731893415806 0.0040444256737828255 8
1731893416705 0.0024034217931330204 9
1731893417502 0.0026590421330183744 10
1731893418312 0.002668378408998251 11
1731893419116 0.003212724346667528 12
1731893420068 0.002421471755951643 13
1731893420868 0.0018552723340690136 14
1731893421666 0.0023336540907621384 15
1731893422486 0.0023346995003521442 16
1731893423289 0.0024004310835152864 17
1731893424092 0.0023689400404691696 18
1731893424903 0.002140346448868513 19
1731893425793 0.0018010196508839726 20
1731893426594 0.0017441038507968187 21
1731893427410 0.002794664353132248 22
1731893428307 0.0016002668999135494 23
1731893429106 0.002067886758595705 24
1731893429918 0.0018619056791067123 25
1731893430710 0.0023195871617645025 26
1731893431507 0.0018247743137180805 27
1731893432480 0.0020475073251873255 28
1731893433321 0.001830907305702567 29
1731893434237 0.00148501165676862 30
1731893435078 0.0020472798496484756 31
1731893435863 0.0016066463431343436 32
1731893436681 0.0014978742692619562 33
1731893437476 0.0016455893637612462 34
1731893438377 0.0015011782525107265 35
1731893439200 0.00212370278313756 36
1731893439993 0.0014617998385801911 37
1731893440788 0.0012244838289916515 38
1731893441599 0.0019125036196783185 39
1731893442389 0.0014193011447787285 40
1731893443202 0.0018646388780325651 41
1731893444049 0.0013670462649315596 42
1731893444847 0.0015492703532800078 43
1731893445827 0.0018513365648686886 44
1731893446636 0.0014865259872749448 45
1731893447439 0.0016671235207468271 46
1731893448252 0.001893606036901474 47
1731893449052 0.0012877914123237133 48
1731893449846 0.001919443253427744 49
