1731878012874 0.03352052718400955 0
1731878013936 0.006691960152238607 1
1731878014746 0.005257750395685434 2
1731878015611 0.004718158859759569 3
1731878016383 0.004303051624447107 4
1731878017187 0.0032455739565193653 5
1731878017965 0.00288689648732543 6
1731878018910 0.0029814362060278654 7
1731878019801 0.0030778932850807905 8
1731878020575 0.002573571167886257 9
1731878021404 0.0026799610350281 10
1731878022213 0.0024442148860543966 11
1731878023089 0.0022925841622054577 12
1731878023856 0.0021971797104924917 13
1731878024733 0.002277459017932415 14
1731878025653 0.001971209654584527 15
1731878026449 0.0022888837847858667 16
1731878027423 0.002059435471892357 17
1731878028386 0.0017410086002200842 18
1731878029163 0.001987926894798875 19
1731878030028 0.0018618492176756263 20
1731878030925 0.0020095608197152615 21
1731878031778 0.002017674036324024 22
1731878032581 0.001675599254667759 23
1731878033325 0.0017960775876417756 24
1731878034091 0.001750254537910223 25
1731878034899 0.0015001370338723063 26
1731878035682 0.0017243425827473402 27
1731878036458 0.0017013169126585126 28
1731878037281 0.0015369898173958063 29
1731878038294 0.001686171512119472 30
1731878039189 0.0016510775312781334 31
1731878040106 0.0015055319527164102 32
1731878040879 0.0016790394438430667 33
1731878041678 0.001414071419276297 34
1731878042457 0.0015744410920888186 35
1731878043234 0.001396499457769096 36
1731878044135 0.001437113736756146 37
1731878044911 0.0014577590627595782 38
1731878045691 0.0015882611041888595 39
1731878046492 0.0014535411028191447 40
1731878047297 0.0015177016612142324 41
1731878048072 0.0014389706775546074 42
1731878049067 0.0013909501722082496 43
1731878049909 0.0014571340288966894 44
1731878050716 0.0012752637267112732 45
1731878051626 0.0014844296965748072 46
1731878052407 0.0013563892571255565 47
1731878053195 0.001393949962221086 48
1731878053999 0.0014484920538961887 49
