1731878778377 0.06715590506792068 0
1731878778909 0.0042796144261956215 1
1731878779298 0.002523429924622178 2
1731878779566 0.002368800574913621 3
1731878779974 0.0019378599245101213 4
1731878780341 0.001978448126465082 5
1731878780718 0.0016946123214438558 6
1731878781052 0.0015394840156659484 7
1731878781336 0.0017098081298172474 8
1731878781709 0.001573637593537569 9
1731878781974 0.0015097094001248479 10
1731878782368 0.0016201689140871167 11
1731878782746 0.0015618603210896254 12
1731878783018 0.001426632865332067 13
1731878783286 0.0019884530920535326 14
1731878783558 0.001455828663893044 15
1731878783937 0.0013987419661134481 16
1731878784207 0.0015732808969914913 17
1731878784498 0.0019496841123327613 18
1731878784768 0.0013750802027061582 19
1731878785032 0.0012865486787632108 20
1731878785299 0.00125108752399683 21
1731878785571 0.001245351624675095 22
1731878785879 0.0013071652501821518 23
1731878786258 0.0012260588118806481 24
1731878786527 0.00116956967394799 25
1731878786923 0.0013900055782869458 26
1731878787297 0.0015178290195763111 27
1731878787710 0.001276517054066062 28
1731878787981 0.0013028471730649471 29
1731878788254 0.0012591988779604435 30
1731878788521 0.0013201532419770956 31
1731878788794 0.0012616460444405675 32
1731878789086 0.001282133744098246 33
1731878789351 0.0015395977534353733 34
1731878789620 0.001047800644300878 35
1731878789885 0.0012027670163661242 36
1731878790153 0.0011621122248470783 37
1731878790422 0.0013554341858252883 38
1731878790691 0.001039750874042511 39
1731878791066 0.0011877130018547177 40
1731878791356 0.0011712313862517476 41
1731878791631 0.0011373343877494335 42
1731878791901 0.0010984381660819054 43
1731878792172 0.0011234584962949157 44
1731878792556 0.0010701481951400638 45
1731878793113 0.0010377103462815285 46
1731878793437 0.0011878872755914927 47
1731878793928 0.0011528669856488705 48
1731878794248 0.0010870152618736029 49
