1731882646188 0.09903917461633682 0
1731882646528 0.04415297880768776 1
1731882646884 0.021928347647190094 2
1731882647228 0.012590445578098297 3
1731882647562 0.005367259029299021 4
1731882648053 0.0049641188234090805 5
1731882648242 0.00468000303953886 6
1731882648588 0.004151949193328619 7
1731882648819 0.004132699687033892 8
1731882649032 0.0036977240815758705 9
1731882649247 0.003673532512038946 10
1731882649588 0.0033759986981749535 11
1731882649776 0.003247356042265892 12
1731882649972 0.0028570659924298525 13
1731882650166 0.003008542349562049 14
1731882650358 0.0027044853195548058 15
1731882650678 0.0028361750300973654 16
1731882650874 0.002542126690968871 17
1731882651050 0.0025517174508422613 18
1731882651225 0.0026023576501756907 19
1731882651724 0.002557025756686926 20
1731882652082 0.002385650062933564 21
1731882652270 0.0024702318478375673 22
1731882652465 0.0022711337078362703 23
1731882652656 0.0021560965105891228 24
1731882652847 0.002202290575951338 25
1731882653033 0.0021374747157096863 26
1731882653353 0.0020703081972897053 27
1731882653538 0.0020099529065191746 28
1731882653737 0.0019192686304450035 29
1731882653929 0.0020707265939563513 30
1731882654143 0.00194263004232198 31
1731882654336 0.0019335367251187563 32
1731882654519 0.0018527195788919926 33
1731882654715 0.0018763634143397212 34
1731882654902 0.001815242227166891 35
1731882655088 0.0017902207328006625 36
1731882655282 0.002194757340475917 37
1731882655469 0.0022052705753594637 38
1731882655809 0.0019893129356205463 39
1731882656001 0.0016469385009258986 40
1731882656532 0.0016735212411731482 41
1731882656748 0.0016981239896267653 42
1731882656941 0.0015523992478847504 43
1731882657128 0.0016384186455979943 44
1731882657317 0.001728772185742855 45
1731882657505 0.0016705828020349145 46
1731882657702 0.0017469651065766811 47
1731882657894 0.0014962968416512012 48
1731882658086 0.0015599681064486504 49
