1731878914839 0.06583277881145477 0
1731878915276 0.009402282536029816 1
1731878915597 0.005394759122282267 2
1731878916006 0.0035986914299428463 3
1731878916322 0.0031979428604245186 4
1731878916636 0.002936492208391428 5
1731878917041 0.0027304254472255707 6
1731878917482 0.0025530720595270395 7
1731878917909 0.0023777582682669163 8
1731878918225 0.002250309567898512 9
1731878918646 0.002080060774460435 10
1731878918962 0.002845525508746505 11
1731878919375 0.002039529848843813 12
1731878919717 0.0021523258183151484 13
1731878920145 0.001970522804185748 14
1731878920461 0.0017698615556582808 15
1731878920779 0.0017747796373441815 16
1731878921097 0.0020478854421526194 17
1731878921574 0.0017928257584571838 18
1731878921884 0.0016294448869302869 19
1731878922225 0.0019786590710282326 20
1731878922539 0.0016928708646446466 21
1731878922859 0.0016255587106570601 22
1731878923271 0.0014347805408760905 23
1731878923693 0.001436231890693307 24
1731878924005 0.001433890894986689 25
1731878924343 0.0015052214730530977 26
1731878924764 0.0013288893969729543 27
1731878925175 0.0013115417677909136 28
1731878925592 0.0014416646445170045 29
1731878925922 0.001340643735602498 30
1731878926249 0.0016279369592666626 31
1731878926592 0.001454625860787928 32
1731878926912 0.0014191633090376854 33
1731878927227 0.0011959985131397843 34
1731878927541 0.0012539569288492203 35
1731878927861 0.0013203276321291924 36
1731878928287 0.001229171990416944 37
1731878928762 0.0014397751074284315 38
1731878929107 0.0012982342159375548 39
1731878929421 0.0018252319423481822 40
1731878929737 0.0012869288912042975 41
1731878930147 0.0011666977079585195 42
1731878930462 0.0012171658454462886 43
1731878930875 0.0011135818203911185 44
1731878931217 0.0012236409820616245 45
1731878931634 0.0012407186441123486 46
1731878932045 0.0011779800988733768 47
1731878932360 0.0012342305853962898 48
1731878932675 0.0012970645911991596 49
