1731879712100 0.16754084825515747 0
1731879713339 0.16698433458805084 1
1731879714561 0.1666073203086853 2
1731879715815 0.16635939478874207 3
1731879717013 0.16619642078876495 4
1731879718236 0.16608873009681702 5
1731879719629 0.16601887345314026 6
1731879720884 0.16597363352775574 7
1731879722097 0.16594387590885162 8
1731879723335 0.16592465341091156 9
1731879724543 0.1659119874238968 10
1731879725977 0.16590380668640137 11
1731879727188 0.16589851677417755 12
1731879728435 0.1658950299024582 13
1731879729648 0.1658927947282791 14
1731879730902 0.1658913940191269 15
1731879732111 0.1658904105424881 16
1731879733630 0.16588981449604034 17
1731879734889 0.16588939726352692 18
1731879736127 0.16588912904262543 19
1731879737326 0.1658889800310135 20
1731879738712 0.16588886082172394 21
1731879739818 0.16588877141475677 22
1731879740922 0.1658887267112732 23
1731879741990 0.1658887267112732 24
1731879743104 0.16588866710662842 25
1731879744494 0.16588866710662842 26
1731879745630 0.1658886820077896 27
1731879746717 0.16588865220546722 28
1731879747857 0.16588863730430603 29
1731879748929 0.16588865220546722 30
1731879750055 0.16588862240314484 31
1731879751130 0.16588863730430603 32
1731879752216 0.16588862240314484 33
1731879753376 0.16588865220546722 34
1731879754544 0.16588865220546722 35
1731879755735 0.16588865220546722 36
1731879756901 0.16588865220546722 37
1731879758166 0.16588865220546722 38
1731879759264 0.16588866710662842 39
1731879760375 0.16588865220546722 40
1731879761455 0.16588863730430603 41
1731879762541 0.16588862240314484 42
1731879763628 0.16588865220546722 43
1731879764730 0.16588863730430603 44
1731879765832 0.16588865220546722 45
1731879766914 0.16588865220546722 46
1731879767958 0.16588863730430603 47
1731879769059 0.16588865220546722 48
1731879770157 0.16588863730430603 49
