1731849496308 0.16459333896636963 0
1731849497343 0.16459330916404724 1
1731849498342 0.16459327936172485 2
1731849499224 0.16459327936172485 3
1731849500106 0.16459332406520844 4
1731849501008 0.16459326446056366 5
1731849501893 0.16459329426288605 6
1731849502804 0.16459330916404724 7
1731849503716 0.16459329426288605 8
1731849504597 0.16459324955940247 9
1731849505525 0.16459326446056366 10
1731849506452 0.16459327936172485 11
1731849507359 0.16459329426288605 12
1731849508274 0.16459329426288605 13
1731849509363 0.16459327936172485 14
1731849510326 0.16459327936172485 15
1731849511220 0.16459332406520844 16
1731849512127 0.16459330916404724 17
1731849513044 0.16459330916404724 18
1731849513953 0.16459330916404724 19
1731849514891 0.16459332406520844 20
1731849515787 0.16459330916404724 21
1731849516696 0.16459327936172485 22
1731849517645 0.16459323465824127 23
1731849518537 0.16459326446056366 24
1731849519467 0.16459330916404724 25
1731849520557 0.16459327936172485 26
1731849521453 0.16459327936172485 27
1731849522403 0.16459330916404724 28
1731849523319 0.16459324955940247 29
1731849524232 0.16459332406520844 30
1731849525141 0.16459326446056366 31
1731849526103 0.16459329426288605 32
1731849527021 0.16459326446056366 33
1731849527929 0.16459327936172485 34
1731849528860 0.16459329426288605 35
1731849529924 0.16459330916404724 36
1731849530845 0.16459326446056366 37
1731849531759 0.16459330916404724 38
1731849532667 0.16459324955940247 39
1731849533616 0.16459330916404724 40
1731849534517 0.16459329426288605 41
1731849535438 0.16459329426288605 42
1731849536381 0.16459332406520844 43
1731849537279 0.16459329426288605 44
1731849538225 0.16459326446056366 45
1731849539142 0.16459329426288605 46
1731849540220 0.16459332406520844 47
1731849541148 0.16459329426288605 48
1731849542068 0.16459327936172485 49
1731849542992 0.16459332406520844 50
1731849543907 0.16459326446056366 51
1731849544828 0.16459327936172485 52
1731849545756 0.16459326446056366 53
1731849546671 0.16459329426288605 54
1731849547682 0.16459330916404724 55
1731849548571 0.16459326446056366 56
1731849549652 0.16459330916404724 57
1731849550615 0.16459326446056366 58
1731849551506 0.16459323465824127 59
1731849552452 0.16459330916404724 60
1731849553390 0.16459329426288605 61
1731849554295 0.16459324955940247 62
1731849555234 0.16459327936172485 63
1731849556122 0.16459326446056366 64
1731849557072 0.16459330916404724 65
1731849558171 0.16459329426288605 66
1731849559059 0.16459330916404724 67
1731849559999 0.16459330916404724 68
1731849560917 0.16459330916404724 69
1731849561846 0.16459332406520844 70
1731849562779 0.16459327936172485 71
1731849563684 0.16459332406520844 72
1731849564606 0.16459332406520844 73
1731849565525 0.16459326446056366 74
1731849566604 0.16459326446056366 75
1731849567559 0.16459333896636963 76
1731849568484 0.16459335386753082 77
1731849569405 0.16459332406520844 78
1731849570323 0.16459327936172485 79
1731849571268 0.16459326446056366 80
1731849572316 0.16459329426288605 81
1731849573232 0.16459330916404724 82
1731849574187 0.16459324955940247 83
1731849575078 0.16459330916404724 84
1731849576014 0.16459326446056366 85
1731849576932 0.16459329426288605 86
1731849577823 0.16459330916404724 87
1731849578786 0.16459329426288605 88
1731849579683 0.16459330916404724 89
1731849580793 0.16459329426288605 90
1731849581722 0.16459326446056366 91
1731849582620 0.16459330916404724 92
1731849583566 0.16459329426288605 93
1731849584490 0.16459333896636963 94
1731849585413 0.16459324955940247 95
1731849586324 0.16459327936172485 96
1731849587242 0.16459327936172485 97
1731849588334 0.16459329426288605 98
1731849589244 0.16459324955940247 99
