1731857385134 0.10309065133333206 0
1731857386211 0.030974622815847397 1
1731857386844 0.0445968434214592 2
1731857387669 0.015128265134990215 3
1731857388377 0.009409435093402863 4
1731857389072 0.008345811627805233 5
1731857389737 0.008031313307583332 6
1731857390406 0.006246691569685936 7
1731857391078 0.005636288318783045 8
1731857391642 0.005591308698058128 9
1731857392350 0.005822497420012951 10
1731857392963 0.005572623573243618 11
1731857393525 0.005161419045180082 12
1731857394064 0.0050600492395460606 13
1731857394693 0.005329865496605635 14
1731857395238 0.004763237200677395 15
1731857395972 0.005073691718280315 16
1731857396532 0.004504285287111998 17
1731857397089 0.004583846312016249 18
1731857397634 0.00460974732413888 19
1731857398368 0.004587705247104168 20
1731857398978 0.004507157951593399 21
1731857399579 0.004128920845687389 22
1731857400159 0.004875641781836748 23
1731857400694 0.004826668184250593 24
1731857401325 0.0045713563449680805 25
1731857401896 0.0047441208735108376 26
1731857402442 0.004096768330782652 27
1731857402990 0.004048430826514959 28
1731857403632 0.004174564033746719 29
1731857404257 0.004252845421433449 30
1731857404960 0.003742255037650466 31
1731857405564 0.004019391722977161 32
1731857406103 0.004526273347437382 33
1731857406625 0.003834218718111515 34
1731857407195 0.003670236561447382 35
1731857407913 0.0036797071807086468 36
1731857408440 0.0035493741743266582 37
1731857408987 0.0032438060734421015 38
1731857409555 0.00385322910733521 39
1731857410246 0.0033227901440113783 40
1731857410856 0.003370362799614668 41
1731857411663 0.0031526749953627586 42
1731857412987 0.0032784463837742805 43
1731857413676 0.0032185260206460953 44
1731857414269 0.003119774628430605 45
1731857414826 0.003321754978969693 46
1731857415370 0.0036387909203767776 47
1731857416015 0.003664200659841299 48
1731857416539 0.004263188689947128 49
