1731861113112 0.17000718414783478 0
1731861113753 0.06508276611566544 1
1731861114377 0.01700449548661709 2
1731861115064 0.00894545204937458 3
1731861115884 0.011010384187102318 4
1731861116522 0.011575442738831043 5
1731861117312 0.007395345717668533 6
1731861117952 0.005452026147395372 7
1731861118466 0.005819752812385559 8
1731861118981 0.007881337776780128 9
1731861119509 0.0033659248147159815 10
1731861120025 0.004163946025073528 11
1731861120534 0.003000654513016343 12
1731861121054 0.0037819717545062304 13
1731861121567 0.003090186044573784 14
1731861122232 0.0030413668137043715 15
1731861122750 0.0028759099077433348 16
1731861123377 0.0026597667019814253 17
1731861124023 0.003011134220287204 18
1731861124658 0.004409349523484707 19
1731861125179 0.002845003269612789 20
1731861125691 0.007488306146115065 21
1731861126222 0.004439418204128742 22
1731861126855 0.002763465279713273 23
1731861127373 0.0025024728383868933 24
1731861127884 0.0025743436999619007 25
1731861128391 0.0027792484033852816 26
1731861128921 0.0025600905064493418 27
1731861129433 0.003271706635132432 28
1731861129943 0.0037940305192023516 29
1731861130457 0.0023189366329461336 30
1731861131110 0.002971487585455179 31
1731861131612 0.002344049047678709 32
1731861132132 0.002125395927578211 33
1731861132642 0.002223413437604904 34
1731861133171 0.0034354105591773987 35
1731861133689 0.00298481248319149 36
1731861134209 0.002197717549279332 37
1731861134716 0.0020618911366909742 38
1731861135535 0.0019483105279505253 39
1731861136046 0.0018364799907431006 40
1731861136559 0.0025293175131082535 41
1731861137065 0.0030364738777279854 42
1731861137592 0.002209331141784787 43
1731861138111 0.0020763042848557234 44
1731861138623 0.0022499498445540667 45
1731861139132 0.0018641792703419924 46
1731861139649 0.0017968625761568546 47
1731861140297 0.0024085254408419132 48
1731861140949 0.0019531064899638295 49
