1731875856858 0.016580304130911827 0
1731875857698 0.004022346343845129 1
1731875858551 0.0032513667829334736 2
1731875859397 0.0029204601887613535 3
1731875860134 0.0026341918855905533 4
1731875860968 0.002608503680676222 5
1731875861798 0.0025494645815342665 6
1731875862809 0.0023076103534549475 7
1731875863572 0.002325923414900899 8
1731875864313 0.002082288032397628 9
1731875865141 0.00202315510250628 10
1731875865902 0.0019315448589622974 11
1731875866642 0.0019914463628083467 12
1731875867412 0.0018587977392598987 13
1731875868164 0.0018767100991681218 14
1731875868896 0.0018613790161907673 15
1731875869628 0.0018478181445971131 16
1731875870439 0.0018642088398337364 17
1731875871312 0.0018463542219251394 18
1731875872058 0.0015377020463347435 19
1731875872818 0.0016854377463459969 20
1731875873819 0.001670126453973353 21
1731875874551 0.001740866806358099 22
1731875875315 0.0017425278201699257 23
1731875876149 0.0016299189301207662 24
1731875877042 0.0016092818696051836 25
1731875877771 0.0015230255667120218 26
1731875878490 0.001631433260627091 27
1731875879230 0.001630287617444992 28
1731875879979 0.0016709156334400177 29
1731875880713 0.0016657528467476368 30
1731875881441 0.0015545201022177935 31
1731875882196 0.0014851002488285303 32
1731875883149 0.0015900713624432683 33
1731875883922 0.0016695650992915034 34
1731875884657 0.001403152709826827 35
1731875885382 0.0013293565716594458 36
1731875886159 0.001487629022449255 37
1731875886946 0.0015396777307614684 38
1731875887676 0.0015551814576610923 39
1731875888427 0.0014843837125226855 40
1731875889224 0.001407687901519239 41
1731875889963 0.0014180645812302828 42
1731875890726 0.0014052472542971373 43
1731875891466 0.0012840388808399439 44
1731875892242 0.001254373462870717 45
1731875893006 0.0014135832898318768 46
1731875893737 0.0012980022002011538 47
1731875894637 0.0012572952546179295 48
1731875895454 0.0013066316023468971 49
