1731852903147 0.11979831010103226 0
1731852904288 0.1150839701294899 1
1731852905052 0.11592540144920349 2
1731852905796 0.11634594202041626 3
1731852906452 0.11845487356185913 4
1731852907324 0.11111011356115341 5
1731852907990 0.10669340193271637 6
1731852908664 0.1135968342423439 7
1731852909390 0.10838914662599564 8
1731852910047 0.09835632890462875 9
1731852910756 0.10596108436584473 10
1731852911416 0.10209474712610245 11
1731852912511 0.11333964020013809 12
1731852913246 0.10155430436134338 13
1731852914052 0.1061207726597786 14
1731852914867 0.11389462649822235 15
1731852915779 0.09402809292078018 16
1731852916483 0.09474553912878036 17
1731852917155 0.09785085171461105 18
1731852917851 0.08903694152832031 19
1731852918582 0.09751516580581665 20
1731852919376 0.09992671757936478 21
1731852920135 0.09843634814023972 22
1731852920868 0.09609082341194153 23
1731852921567 0.09719613939523697 24
1731852922259 0.09314486384391785 25
1731852922965 0.09527692198753357 26
1731852924101 0.09508072584867477 27
1731852924827 0.08713884651660919 28
1731852925516 0.09492629766464233 29
1731852926202 0.08582461625337601 30
1731852926893 0.08795686811208725 31
1731852927661 0.08529883623123169 32
1731852928372 0.0772177055478096 33
1731852929089 0.08898957073688507 34
1731852929724 0.08919378370046616 35
1731852930302 0.08996378630399704 36
1731852930857 0.08432891964912415 37
1731852931458 0.07988579571247101 38
1731852932394 0.08781574666500092 39
1731852933054 0.08378896117210388 40
1731852933808 0.07873641699552536 41
1731852934623 0.08722575008869171 42
1731852935374 0.0813608169555664 43
1731852936371 0.08324956893920898 44
1731852937085 0.08139368146657944 45
1731852937756 0.08333326131105423 46
1731852938438 0.08661069720983505 47
1731852939119 0.0806502178311348 48
1731852940166 0.07791684567928314 49
