1731871353370 0.02872403897345066 0
1731871354818 0.00841230247169733 1
1731871356199 0.004357663448899984 2
1731871357404 0.0033156978897750378 3
1731871358609 0.001875364687293768 4
1731871359969 0.005078133195638657 5
1731871361199 0.0035798149183392525 6
1731871362709 0.003460854524746537 7
1731871363907 0.0020662241149693727 8
1731871365135 0.0018411175115033984 9
1731871366251 0.0018393631326034665 10
1731871367465 0.0017068162560462952 11
1731871368700 0.0017697662115097046 12
1731871369955 0.0021193716675043106 13
1731871371448 0.0035339021123945713 14
1731871372783 0.003661795286461711 15
1731871374234 0.0016883170465007424 16
1731871375818 0.0019097502809017897 17
1731871378212 0.001935603329911828 18
1731871380707 0.0016453876160085201 19
1731871382415 0.0014630764489993453 20
1731871383906 0.003382136346772313 21
1731871385248 0.0017818792257457972 22
1731871386880 0.001455351710319519 23
1731871388205 0.0018453163793310523 24
1731871390233 0.0018399442778900266 25
1731871391703 0.001484844135120511 26
1731871393159 0.0015017531113699079 27
1731871394866 0.0014961096458137035 28
1731871396363 0.0019821927417069674 29
1731871398015 0.002190183149650693 30
1731871399605 0.002528703073039651 31
1731871401015 0.0017710805404931307 32
1731871402733 0.001437969389371574 33
1731871404387 0.00159179896581918 34
1731871405723 0.0015104103367775679 35
1731871406985 0.001565401442348957 36
1731871408658 0.0017451185267418623 37
1731871410072 0.001324643031693995 38
1731871412004 0.0012891057413071394 39
1731871413468 0.001471689436584711 40
1731871415027 0.0017027970170602202 41
1731871416205 0.001475368277169764 42
1731871417747 0.0015620400663465261 43
1731871418946 0.003748991061002016 44
1731871420145 0.0016939560882747173 45
1731871421462 0.0016465927474200726 46
1731871422760 0.0017644312465563416 47
1731871424761 0.0024518503341823816 48
1731871426316 0.0020871548913419247 49
