1731858575427 0.3024871349334717 0
1731858576008 0.21721339225769043 1
1731858576577 0.12369612604379654 2
1731858577178 0.04130254685878754 3
1731858577749 0.02816780097782612 4
1731858578329 0.014755263924598694 5
1731858578919 0.01386039424687624 6
1731858579491 0.022035419940948486 7
1731858579972 0.018185997381806374 8
1731858580556 0.011797696352005005 9
1731858581038 0.011692962609231472 10
1731858581548 0.008124629966914654 11
1731858582152 0.007377857342362404 12
1731858582753 0.0069677759893238544 13
1731858583239 0.0062559619545936584 14
1731858583875 0.005609533749520779 15
1731858584439 0.005607565399259329 16
1731858584919 0.005655129440128803 17
1731858585406 0.008420536294579506 18
1731858585905 0.015516980551183224 19
1731858586382 0.00612553209066391 20
1731858586863 0.00731322867795825 21
1731858587437 0.0061577302403748035 22
1731858588022 0.008538909256458282 23
1731858588507 0.014655464328825474 24
1731858588984 0.03218400850892067 25
1731858589463 0.009225851856172085 26
1731858589942 0.006813050713390112 27
1731858590446 0.005920642986893654 28
1731858591017 0.005463628098368645 29
1731858591606 0.005349781829863787 30
1731858592086 0.005362357944250107 31
1731858592590 0.004891738295555115 32
1731858593229 0.0061834584921598434 33
1731858593711 0.005492985714226961 34
1731858594189 0.005821508355438709 35
1731858594774 0.004567991942167282 36
1731858595266 0.004420870915055275 37
1731858595743 0.004585944581776857 38
1731858596221 0.004293416626751423 39
1731858596700 0.0057679335586726665 40
1731858597200 0.006831061560660601 41
1731858597689 0.005779564846307039 42
1731858598172 0.005013760644942522 43
1731858598747 0.0046142698265612125 44
1731858599242 0.004575597587972879 45
1731858599832 0.003970269579440355 46
1731858600319 0.004668570589274168 47
1731858600799 0.004501486197113991 48
1731858601280 0.008326352573931217 49
