1731858754838 0.23117446899414062 0
1731858755418 0.06588335335254669 1
1731858755990 0.03568151220679283 2
1731858756570 0.01967887207865715 3
1731858757057 0.016765814274549484 4
1731858757624 0.011833961121737957 5
1731858758100 0.012634468264877796 6
1731858758577 0.015039469115436077 7
1731858759067 0.012182704173028469 8
1731858759542 0.01916891522705555 9
1731858760248 0.010780359618365765 10
1731858760823 0.008355698548257351 11
1731858761329 0.007165319751948118 12
1731858761802 0.008184323087334633 13
1731858762283 0.010191556997597218 14
1731858762842 0.0077430675737559795 15
1731858763314 0.00960541795939207 16
1731858763813 0.0091677475720644 17
1731858764291 0.008337125182151794 18
1731858764765 0.007613305002450943 19
1731858765239 0.006024930626153946 20
1731858765834 0.009512079879641533 21
1731858766315 0.010414568707346916 22
1731858766790 0.008417805656790733 23
1731858767265 0.010596330277621746 24
1731858767836 0.005495446268469095 25
1731858768428 0.005651267245411873 26
1731858768905 0.005578016862273216 27
1731858769380 0.005142992828041315 28
1731858769854 0.005988557823002338 29
1731858770504 0.0059044500812888145 30
1731858770977 0.004858036059886217 31
1731858771459 0.006934574339538813 32
1731858771936 0.00803228747099638 33
1731858772411 0.015247046947479248 34
1731858772906 0.005014577880501747 35
1731858773382 0.004860434215515852 36
1731858773862 0.00495121069252491 37
1731858774334 0.004578307271003723 38
1731858774812 0.004629938863217831 39
1731858775308 0.013547737151384354 40
1731858775786 0.015588996931910515 41
1731858776260 0.006493734661489725 42
1731858776736 0.004992491565644741 43
1731858777232 0.005137003492563963 44
1731858777711 0.005490519106388092 45
1731858778274 0.004747001454234123 46
1731858778752 0.004489261191338301 47
1731858779226 0.005006103310734034 48
1731858779726 0.00412400159984827 49
