1731866926068 0.04172307625412941 0
1731866926717 0.0084881242364645 1
1731866927480 0.00630619190633297 2
1731866928111 0.004405982326716185 3
1731866928651 0.0031217592768371105 4
1731866929265 0.0029265873599797487 5
1731866929880 0.005816787946969271 6
1731866930390 0.004403424449265003 7
1731866930933 0.0026698496658354998 8
1731866931446 0.002992402296513319 9
1731866932074 0.0023778341710567474 10
1731866932661 0.0031190698500722647 11
1731866933382 0.00239879684522748 12
1731866933988 0.0026219524443149567 13
1731866934506 0.004229486919939518 14
1731866935274 0.002885132562369108 15
1731866935811 0.0033741556107997894 16
1731866936323 0.002344944979995489 17
1731866936939 0.0019518707413226366 18
1731866937451 0.0019229135941714048 19
1731866937991 0.001945044845342636 20
1731866938610 0.00210751430131495 21
1731866939123 0.0020940436515957117 22
1731866939640 0.002319503342732787 23
1731866940310 0.0027834270149469376 24
1731866940793 0.00235359207727015 25
1731866941344 0.0020603290759027004 26
1731866941861 0.001659705420024693 27
1731866942406 0.0020419913344085217 28
1731866942923 0.0017974652582779527 29
1731866943433 0.0017616235418245196 30
1731866943938 0.0027337679639458656 31
1731866944581 0.0018766832072287798 32
1731866945272 0.0017969278851523995 33
1731866945792 0.0017900565871968865 34
1731866946403 0.002177070127800107 35
1731866946959 0.0016512696165591478 36
1731866947467 0.0018740715458989143 37
1731866947981 0.002073763171210885 38
1731866948484 0.003752673277631402 39
1731866948999 0.0057937977835536 40
1731866949571 0.0018878270639106631 41
1731866950187 0.0017567906761541963 42
1731866950702 0.001651595812290907 43
1731866951212 0.0024151180405169725 44
1731866951751 0.0020780430641025305 45
1731866952272 0.0016125112306326628 46
1731866952791 0.0015322037506848574 47
1731866953338 0.0023384615778923035 48
1731866953886 0.0017608881462365389 49
