1731877321084 0.018307095393538475 0
1731877322297 0.004750299267470837 1
1731877323463 0.004104069899767637 2
1731877324513 0.0033668766263872385 3
1731877325586 0.002778879599645734 4
1731877326914 0.004272389691323042 5
1731877327992 0.002660974394530058 6
1731877329048 0.002127493964508176 7
1731877330110 0.0022925420198589563 8
1731877331188 0.00209313933737576 9
1731877332245 0.0019425505306571722 10
1731877333418 0.0018310608575120568 11
1731877334472 0.002118845237419009 12
1731877335560 0.0019238624954596162 13
1731877336609 0.0016813311958685517 14
1731877337683 0.001790451118722558 15
1731877338861 0.0017201381269842386 16
1731877339956 0.0015378845855593681 17
1731877341031 0.0015611168928444386 18
1731877342200 0.0018419421976432204 19
1731877343260 0.0015137519221752882 20
1731877344321 0.0015026285545900464 21
1731877345385 0.0015715124318376184 22
1731877346473 0.0016756552504375577 23
1731877347643 0.0012681388761848211 24
1731877348740 0.0013364447513595223 25
1731877349791 0.0013279502745717764 26
1731877351140 0.0013245921581983566 27
1731877352191 0.0013615810312330723 28
1731877353415 0.0013305597240105271 29
1731877354505 0.0013617125805467367 30
1731877355607 0.001403837581165135 31
1731877356659 0.0015101326862350106 32
1731877357747 0.0014386918628588319 33
1731877359140 0.0012613293947651982 34
1731877360273 0.0013184526469558477 35
1731877361328 0.0014312871498987079 36
1731877362408 0.0012293929466977715 37
1731877363640 0.0011890212772414088 38
1731877364735 0.0011608346831053495 39
1731877365840 0.0011939734686166048 40
1731877366958 0.00123302498832345 41
1731877368035 0.0012380249099805951 42
1731877369134 0.0013288274640217423 43
1731877370215 0.0011702354531735182 44
1731877371271 0.001024971716105938 45
1731877372348 0.0011084445286542177 46
1731877373400 0.0013122765813022852 47
1731877374481 0.001027285703457892 48
1731877375703 0.0010487744584679604 49
