1731879302064 0.05080804228782654 0
1731879303914 0.010555787943303585 1
1731879305813 0.004185470286756754 2
1731879307602 0.002690426306799054 3
1731879309411 0.0014539124676957726 4
1731879311065 0.0016212563496083021 5
1731879312700 0.0014481350081041455 6
1731879314357 0.0014417452039197087 7
1731879316229 0.0013977468479424715 8
1731879318034 0.0013428513193503022 9
1731879319848 0.0012914376566186547 10
1731879321522 0.0015132279368117452 11
1731879323206 0.002708722837269306 12
1731879324867 0.0015507214702665806 13
1731879326544 0.0013780968729406595 14
1731879328231 0.002101447433233261 15
1731879330245 0.001825731247663498 16
1731879331889 0.0011022090911865234 17
1731879333640 0.0012380427215248346 18
1731879335682 0.001127920113503933 19
1731879337541 0.001101291156373918 20
1731879339195 0.0013092953013256192 21
1731879340867 0.0012160983169451356 22
1731879342541 0.001087429584003985 23
1731879344192 0.0010329054202884436 24
1731879345902 0.0011177913984283805 25
1731879347752 0.0011495534563437104 26
1731879349425 0.001111963763833046 27
1731879351163 0.001078645116649568 28
1731879352851 0.001227739849127829 29
1731879354682 0.001013740198686719 30
1731879356451 0.0012066104682162404 31
1731879358125 0.001202716724947095 32
1731879359810 0.0010125343687832355 33
1731879361848 0.0009715922060422599 34
1731879363509 0.001448816154152155 35
1731879365172 0.001039154827594757 36
1731879366859 0.0011583836749196053 37
1731879368511 0.0014333901926875114 38
1731879370218 0.0013175858184695244 39
1731879371918 0.0027092250529676676 40
1731879373597 0.002202388597652316 41
1731879375320 0.0009575243457220495 42
1731879377328 0.0009499186999164522 43
1731879379150 0.0010021687485277653 44
1731879380857 0.0014289621030911803 45
1731879382518 0.0010727975750342011 46
1731879384218 0.001027528429403901 47
1731879385927 0.0009315375937148929 48
1731879387723 0.0009172286954708397 49
