1731876071824 0.011848763562738895 0
1731876074078 0.004483603406697512 1
1731876076372 0.003336504101753235 2
1731876078571 0.002969092922285199 3
1731876080712 0.0024683591909706593 4
1731876082833 0.0028870594687759876 5
1731876085078 0.0023614352103322744 6
1731876087320 0.0018926416523754597 7
1731876089755 0.00196573487482965 8
1731876091876 0.002066666027531028 9
1731876094112 0.002215105574578047 10
1731876096242 0.0017437177011743188 11
1731876098506 0.0016898507019504905 12
1731876100639 0.001790823065675795 13
1731876102764 0.0018153144046664238 14
1731876105107 0.001655497821047902 15
1731876107238 0.0018196935998275876 16
1731876109401 0.001541360281407833 17
1731876111613 0.0016221426194533706 18
1731876113778 0.0017315743025392294 19
1731876115900 0.0016135949408635497 20
1731876118013 0.0017667172942310572 21
1731876120384 0.0015885366592556238 22
1731876122533 0.0014859519433230162 23
1731876124697 0.0015629365807399154 24
1731876126947 0.0014225312042981386 25
1731876129109 0.0015217927284538746 26
1731876131313 0.0013047951506450772 27
1731876133654 0.0013278969563543797 28
1731876135799 0.0014703302877023816 29
1731876137906 0.0015151697443798184 30
1731876140061 0.0015608404064550996 31
1731876142311 0.0013641150435432792 32
1731876144494 0.0013025583466514945 33
1731876146788 0.0014869078295305371 34
1731876148987 0.0012818505056202412 35
1731876151133 0.0013659994583576918 36
1731876153333 0.001295897294767201 37
1731876155670 0.0012193354777991772 38
1731876157784 0.0013654312351718545 39
1731876160092 0.001168884802609682 40
1731876162488 0.0015121577307581902 41
1731876164688 0.001347497571259737 42
1731876166791 0.001355858170427382 43
1731876168954 0.0013530520955100656 44
1731876171087 0.0012505159247666597 45
1731876173203 0.0010779082076624036 46
1731876175533 0.00123449950478971 47
1731876177662 0.0012170474510639906 48
1731876179820 0.0013419376919046044 49
