1731861706100 0.045710235834121704 0
1731861706933 0.014975341968238354 1
1731861707606 0.012341497465968132 2
1731861708309 0.008423595689237118 3
1731861709020 0.0056249406188726425 4
1731861709859 0.005223721731454134 5
1731861710445 0.004986554384231567 6
1731861711092 0.0043611363507807255 7
1731861711623 0.005352857988327742 8
1731861712152 0.003986860625445843 9
1731861712696 0.004683294333517551 10
1731861713338 0.0039295232854783535 11
1731861713993 0.004006000701338053 12
1731861714513 0.003951186779886484 13
1731861715355 0.004162988159805536 14
1731861715874 0.00489403260871768 15
1731861716529 0.003232737770304084 16
1731861717058 0.003052149433642626 17
1731861717734 0.0031393682584166527 18
1731861718270 0.003239658195525408 19
1731861718792 0.0030258658807724714 20
1731861719314 0.0030235331505537033 21
1731861719987 0.0029603063594549894 22
1731861720529 0.002725107129663229 23
1731861721059 0.003559742821380496 24
1731861721582 0.0029981867410242558 25
1731861722399 0.002795531414449215 26
1731861722925 0.002532070502638817 27
1731861723448 0.002468070015311241 28
1731861723969 0.002594923134893179 29
1731861724497 0.004839002154767513 30
1731861725046 0.003117698011919856 31
1731861725574 0.0034702462144196033 32
1731861726096 0.0056642950512468815 33
1731861726614 0.005166069604456425 34
1731861727154 0.0030444804579019547 35
1731861727670 0.0023550018668174744 36
1731861728483 0.0022852155379951 37
1731861729010 0.0023492961190640926 38
1731861729684 0.002181990770623088 39
1731861730225 0.0023095111828297377 40
1731861730744 0.0028584811370819807 41
1731861731267 0.002378667239099741 42
1731861732097 0.0023219448048621416 43
1731861732627 0.0018882574513554573 44
1731861733158 0.0020271388348191977 45
1731861733687 0.0019234860083088279 46
1731861734231 0.0018697499763220549 47
1731861734752 0.0019812840037047863 48
1731861735272 0.0018488713540136814 49
