1731851057933 0.09700926393270493 0
1731851059290 0.04240971803665161 1
1731851060143 0.03511215001344681 2
1731851060933 0.0335954874753952 3
1731851061672 0.03055233135819435 4
1731851062535 0.02943909913301468 5
1731851063129 0.026754386723041534 6
1731851063776 0.02458048425614834 7
1731851064496 0.022518564015626907 8
1731851065471 0.02099084109067917 9
1731851066356 0.018290434032678604 10
1731851067447 0.01610555313527584 11
1731851068513 0.0150437131524086 12
1731851069223 0.013197410851716995 13
1731851069933 0.011341050267219543 14
1731851071180 0.009703072719275951 15
1731851072353 0.00884003471583128 16
1731851073132 0.007425365503877401 17
1731851074086 0.006078951060771942 18
1731851074736 0.005248133093118668 19
1731851075421 0.004521981347352266 20
1731851076237 0.004078582860529423 21
1731851077026 0.003468717448413372 22
1731851077954 0.002947859698906541 23
1731851078700 0.0025743586011230946 24
1731851079361 0.0022291901987046003 25
1731851080088 0.0021161127369850874 26
1731851080776 0.002172686392441392 27
1731851081444 0.0019213265040889382 28
1731851082112 0.0017363643273711205 29
1731851082769 0.0018897526897490025 30
1731851083426 0.0018011955544352531 31
1731851084373 0.0017289603129029274 32
1731851084941 0.0015045597683638334 33
1731851085509 0.0016598415095359087 34
1731851086168 0.0015873834490776062 35
1731851086835 0.001664989162236452 36
1731851087509 0.0018726852722465992 37
1731851088280 0.0016566276317462325 38
1731851088916 0.0016814497066661716 39
1731851089579 0.0015209880657494068 40
1731851090224 0.0016746933106333017 41
1731851091032 0.001644790405407548 42
1731851091671 0.001684567192569375 43
1731851092344 0.0015580183826386929 44
1731851092896 0.0015868234913796186 45
1731851093436 0.0015580883482471108 46
1731851094003 0.0017641739686951041 47
1731851094772 0.0015606599627062678 48
1731851095382 0.0018395131919533014 49
