1731853362086 0.09500584751367569 0
1731853362699 0.07455713301897049 1
1731853363182 0.06242658197879791 2
1731853363769 0.06738113611936569 3
1731853364258 0.06669445335865021 4
1731853364730 0.057766906917095184 5
1731853365225 0.05201449245214462 6
1731853365696 0.06777575612068176 7
1731853366169 0.07594885677099228 8
1731853366643 0.05693702772259712 9
1731853367116 0.05997913330793381 10
1731853367717 0.062231358140707016 11
1731853368192 0.05327773466706276 12
1731853368667 0.05990350991487503 13
1731853369139 0.056230850517749786 14
1731853369633 0.05765550211071968 15
1731853370105 0.06830013543367386 16
1731853370579 0.056310024112463 17
1731853371053 0.05693779140710831 18
1731853371524 0.055477485060691833 19
1731853372166 0.06058916449546814 20
1731853372617 0.06677853316068649 21
1731853373082 0.06371701508760452 22
1731853373557 0.06131020188331604 23
1731853374032 0.05692693963646889 24
1731853374520 0.05668780207633972 25
1731853374988 0.05643999204039574 26
1731853375456 0.056517865508794785 27
1731853375928 0.056933242827653885 28
1731853376407 0.05679750815033913 29
1731853376896 0.05811765789985657 30
1731853377368 0.05729313939809799 31
1731853377837 0.06015986204147339 32
1731853378307 0.05464022606611252 33
1731853378785 0.05728248134255409 34
1731853379253 0.0586138516664505 35
1731853379719 0.05832948163151741 36
1731853380191 0.05614742636680603 37
1731853380664 0.05878741666674614 38
1731853381142 0.059094127267599106 39
1731853381597 0.054813213646411896 40
1731853382064 0.05762530863285065 41
1731853382535 0.05910452827811241 42
1731853383001 0.05944434180855751 43
1731853383622 0.05708702653646469 44
1731853384105 0.056357041001319885 45
1731853384579 0.05741799622774124 46
1731853385058 0.05857357010245323 47
1731853385529 0.05477315932512283 48
1731853386023 0.056966524571180344 49
