1731893177524 0.06459768116474152 0
1731893178566 0.006688519846647978 1
1731893179454 0.00452290428802371 2
1731893180384 0.00518499780446291 3
1731893181333 0.0033768361900001764 4
1731893182219 0.005275381729006767 5
1731893183139 0.0029573969077318907 6
1731893184029 0.0036328532733023167 7
1731893185053 0.003202342428267002 8
1731893185954 0.0028610965237021446 9
1731893186843 0.0036032141651958227 10
1731893187760 0.0024721992667764425 11
1731893188647 0.003126720432192087 12
1731893189841 0.0032955610658973455 13
1731893190856 0.0024811592884361744 14
1731893191791 0.002637068275362253 15
1731893192744 0.0018856731476262212 16
1731893193689 0.0024839132092893124 17
1731893194668 0.002433310030028224 18
1731893195586 0.0025759765412658453 19
1731893196509 0.0012683263048529625 20
1731893197416 0.002035664627328515 21
1731893198308 0.0017839099746197462 22
1731893199348 0.0017765422817319632 23
1731893200230 0.0018925481708720326 24
1731893201157 0.0017806726973503828 25
1731893202050 0.0025272979401052 26
1731893202911 0.0019596850033849478 27
1731893203980 0.0021058903075754642 28
1731893204880 0.0014980898704379797 29
1731893205771 0.0019867061637341976 30
1731893206716 0.00159379409160465 31
1731893207639 0.0015196505701169372 32
1731893208522 0.0018156172009184957 33
1731893209620 0.0016236286610364914 34
1731893210688 0.001891253748908639 35
1731893211648 0.0014748630346730351 36
1731893212529 0.001917754765599966 37
1731893213414 0.0014899473171681166 38
1731893214333 0.0016236196970567107 39
1731893215230 0.0016193839255720377 40
1731893216173 0.0016127156559377909 41
1731893217185 0.0016767081106081605 42
1731893218073 0.0019122203812003136 43
1731893219001 0.0018738609505817294 44
1731893219883 0.0015222856309264898 45
1731893220790 0.0015508084325119853 46
1731893221724 0.0017801435897126794 47
1731893222739 0.0012433233205229044 48
1731893223660 0.0014964474830776453 49
