1731852642641 0.1672181785106659 0
1731852643208 0.16721820831298828 1
1731852643677 0.1672181934118271 2
1731852644136 0.1672181934118271 3
1731852644603 0.1672181934118271 4
1731852645074 0.16721820831298828 5
1731852645538 0.16721820831298828 6
1731852646006 0.16721820831298828 7
1731852646486 0.1672181934118271 8
1731852646959 0.1672181934118271 9
1731852647420 0.1672181934118271 10
1731852647888 0.1672181785106659 11
1731852648351 0.1672181934118271 12
1731852648834 0.1672181934118271 13
1731852649305 0.16721820831298828 14
1731852649762 0.16721820831298828 15
1731852650360 0.16721820831298828 16
1731852650839 0.1672181934118271 17
1731852651331 0.1672181934118271 18
1731852651796 0.16721822321414948 19
1731852652265 0.16721820831298828 20
1731852652729 0.1672181934118271 21
1731852653222 0.16721822321414948 22
1731852653663 0.1672181934118271 23
1731852654119 0.1672181785106659 24
1731852654583 0.16721822321414948 25
1731852655043 0.1672181934118271 26
1731852655538 0.1672181785106659 27
1731852655997 0.1672181934118271 28
1731852656464 0.1672181636095047 29
1731852656929 0.1672181934118271 30
1731852657410 0.16721820831298828 31
1731852657864 0.16721822321414948 32
1731852658330 0.1672181934118271 33
1731852658789 0.1672181785106659 34
1731852659251 0.16721822321414948 35
1731852659720 0.1672181934118271 36
1731852660210 0.1672181934118271 37
1731852660676 0.1672181934118271 38
1731852661146 0.1672181934118271 39
1731852661817 0.16721820831298828 40
1731852662315 0.16721822321414948 41
1731852662784 0.16721820831298828 42
1731852663250 0.1672181934118271 43
1731852663851 0.16721820831298828 44
1731852664315 0.16721822321414948 45
1731852664789 0.16721820831298828 46
1731852665239 0.1672181934118271 47
1731852665705 0.1672181934118271 48
1731852666174 0.16721822321414948 49
