1731880931852 0.04140034317970276 0
1731880932402 0.011507020331919193 1
1731880932918 0.007786110043525696 2
1731880933437 0.006279292982071638 3
1731880933959 0.006815704051405191 4
1731880934547 0.005498797632753849 5
1731880934976 0.0053228819742798805 6
1731880935372 0.005293003283441067 7
1731880935731 0.005226253531873226 8
1731880936140 0.003853658912703395 9
1731880936532 0.003976671025156975 10
1731880937221 0.0035981247201561928 11
1731880937620 0.0033899119589477777 12
1731880938142 0.00442763976752758 13
1731880938534 0.0030180765315890312 14
1731880938931 0.0032538508530706167 15
1731880939363 0.00314695225097239 16
1731880939761 0.0030989611987024546 17
1731880940289 0.0027881842106580734 18
1731880940660 0.002836190164089203 19
1731880941049 0.002665253821760416 20
1731880941444 0.002659901510924101 21
1731880941867 0.0025751821231096983 22
1731880942268 0.002741398988291621 23
1731880942754 0.002480975817888975 24
1731880943144 0.002391343005001545 25
1731880943541 0.0033990899100899696 26
1731880943971 0.0021472943481057882 27
1731880944372 0.0023093430791050196 28
1731880944775 0.0029437716584652662 29
1731880945171 0.0021973983384668827 30
1731880945574 0.0024402691051363945 31
1731880946270 0.0026236458215862513 32
1731880946708 0.0022790541406720877 33
1731880947112 0.002027193084359169 34
1731880947680 0.002117863390594721 35
1731880948107 0.0018807617016136646 36
1731880948537 0.0019761587027460337 37
1731880948939 0.002207703422755003 38
1731880949338 0.0020692208781838417 39
1731880949736 0.0020617421250790358 40
1731880950138 0.00180615927092731 41
1731880950541 0.0020945901051163673 42
1731880950961 0.002078589051961899 43
1731880951476 0.001861131051555276 44
1731880951880 0.0017977163661271334 45
1731880952290 0.0023228488862514496 46
1731880952751 0.0017107593594118953 47
1731880953223 0.0019690862391144037 48
1731880953717 0.001835185568779707 49
