1731857599117 0.046673789620399475 0
1731857599831 0.01538597047328949 1
1731857600587 0.011444143019616604 2
1731857601245 0.017052212730050087 3
1731857601966 0.007506114896386862 4
1731857603085 0.006080024875700474 5
1731857603739 0.006214031483978033 6
1731857604580 0.0062765441834926605 7
1731857605197 0.005588941276073456 8
1731857606026 0.005656332243233919 9
1731857606791 0.005143904127180576 10
1731857607437 0.004854716360569 11
1731857608067 0.004978342913091183 12
1731857608663 0.004704425111413002 13
1731857609225 0.005212318152189255 14
1731857609761 0.005665337201207876 15
1731857610405 0.004534287378191948 16
1731857610965 0.004432803485542536 17
1731857611594 0.004110573325306177 18
1731857612240 0.0038957700598984957 19
1731857612780 0.003861545119434595 20
1731857613653 0.003990222234278917 21
1731857614207 0.003915731329470873 22
1731857614760 0.0045552183873951435 23
1731857615324 0.005008908454328775 24
1731857615884 0.005261484533548355 25
1731857616535 0.005183928180485964 26
1731857617210 0.004945665132254362 27
1731857617803 0.01345469243824482 28
1731857618547 0.00804976001381874 29
1731857619177 0.004652532283216715 30
1731857619737 0.00432469742372632 31
1731857620306 0.003991532605141401 32
1731857620922 0.0035566312726587057 33
1731857621556 0.003497036872431636 34
1731857622214 0.003304236102849245 35
1731857622876 0.0037399574648588896 36
1731857623864 0.003600846976041794 37
1731857624458 0.00352833466604352 38
1731857625105 0.003653919557109475 39
1731857625717 0.009368169121444225 40
1731857626342 0.004027361981570721 41
1731857626889 0.00379658630117774 42
1731857627502 0.00358013529330492 43
1731857628070 0.003489239839836955 44
1731857628739 0.004462387412786484 45
1731857629299 0.003887323895469308 46
1731857629930 0.003676777007058263 47
1731857630610 0.003423914546146989 48
1731857631161 0.0033880360424518585 49
