1731857488834 0.05193757265806198 0
1731857489532 0.021626969799399376 1
1731857490085 0.014509187079966068 2
1731857490710 0.008761410601437092 3
1731857491337 0.007197308819741011 4
1731857492022 0.006768026854842901 5
1731857492551 0.006730088498443365 6
1731857493106 0.005811003502458334 7
1731857493673 0.006772485561668873 8
1731857494268 0.008993386290967464 9
1731857494797 0.006007466930896044 10
1731857495614 0.004883059300482273 11
1731857496164 0.004978427663445473 12
1731857496714 0.008331377990543842 13
1731857497275 0.006129766348749399 14
1731857497814 0.00590985082089901 15
1731857498475 0.004398229066282511 16
1731857499077 0.0042359912768006325 17
1731857499601 0.0055539472959935665 18
1731857500251 0.004790629725903273 19
1731857500781 0.00411974499002099 20
1731857501469 0.003962377086281776 21
1731857502021 0.003954362589865923 22
1731857502543 0.005818184930831194 23
1731857503131 0.004266317468136549 24
1731857503700 0.004128734581172466 25
1731857504273 0.005240051541477442 26
1731857504850 0.0036937668919563293 27
1731857505646 0.0037850020453333855 28
1731857506290 0.003459409810602665 29
1731857506857 0.0037602216470986605 30
1731857507463 0.003694076556712389 31
1731857508035 0.0035393303260207176 32
1731857508583 0.0034435386769473553 33
1731857509279 0.003720636945217848 34
1731857509924 0.003965193871408701 35
1731857510682 0.0033747984562069178 36
1731857511812 0.0035149494651705027 37
1731857512454 0.00321800634264946 38
1731857513227 0.0034921313636004925 39
1731857513891 0.003947484772652388 40
1731857514527 0.005024001467972994 41
1731857515222 0.003924531862139702 42
1731857515805 0.0035194559022784233 43
1731857516570 0.003717575455084443 44
1731857517399 0.0050703054293990135 45
1731857518084 0.003260483965277672 46
1731857518712 0.004257369786500931 47
1731857519407 0.003681275760754943 48
1731857520012 0.0037575492169708014 49
