1731851457078 0.17989948391914368 0
1731851457759 0.1721542477607727 1
1731851458354 0.16890570521354675 2
1731851458957 0.1677192747592926 3
1731851459544 0.16735099256038666 4
1731851460520 0.16724814474582672 5
1731851461265 0.16722381114959717 6
1731851461919 0.1672191023826599 7
1731851462587 0.16721832752227783 8
1731851463301 0.16721822321414948 9
1731851463987 0.1672181934118271 10
1731851464539 0.1672181934118271 11
1731851465218 0.16721820831298828 12
1731851465772 0.16721820831298828 13
1731851466289 0.1672181934118271 14
1731851466792 0.16680824756622314 15
1731851467433 0.035441845655441284 16
1731851468135 0.013460294343531132 17
1731851468664 0.00990070030093193 18
1731851469248 0.006866362411528826 19
1731851469878 0.006291233003139496 20
1731851470411 0.004622489679604769 21
1731851471118 0.005448972340673208 22
1731851471621 0.0032382174395024776 23
1731851472186 0.0030127859208732843 24
1731851472797 0.0028602101374417543 25
1731851473318 0.0026696091517806053 26
1731851473946 0.002886261558160186 27
1731851474619 0.002633399097248912 28
1731851475299 0.0031824447214603424 29
1731851475884 0.0026744764763861895 30
1731851476557 0.0024087224155664444 31
1731851477189 0.0023373302537947893 32
1731851477835 0.0023881690576672554 33
1731851478427 0.002279559150338173 34
1731851478957 0.0029027541168034077 35
1731851479585 0.0025574439205229282 36
1731851480167 0.00255118147470057 37
1731851480710 0.0021674567833542824 38
1731851481267 0.0020268249791115522 39
1731851481849 0.0020563395228236914 40
1731851482680 0.0020598708651959896 41
1731851483196 0.0021860222332179546 42
1731851483747 0.0028287803288549185 43
1731851484267 0.00239834887906909 44
1731851484773 0.00222594290971756 45
1731851485257 0.0023624482564628124 46
1731851485758 0.002440753625705838 47
1731851486262 0.002789997262880206 48
1731851486860 0.005854010581970215 49
