1731861065424 0.08696445822715759 0
1731861066055 0.03764932230114937 1
1731861066716 0.023332739248871803 2
1731861067352 0.01475121546536684 3
1731861067985 0.012498615309596062 4
1731861068504 0.010495244525372982 5
1731861069149 0.01025841198861599 6
1731861069909 0.009943904355168343 7
1731861070592 0.008450783789157867 8
1731861071385 0.007530171424150467 9
1731861071909 0.007202843204140663 10
1731861072412 0.009149703197181225 11
1731861072931 0.006910373922437429 12
1731861073542 0.005998167674988508 13
1731861074142 0.006908110808581114 14
1731861074675 0.006758024450391531 15
1731861075313 0.006707925349473953 16
1731861075853 0.008826016448438168 17
1731861076371 0.005025726743042469 18
1731861076999 0.006277351174503565 19
1731861077521 0.005609773565083742 20
1731861078176 0.0047991578467190266 21
1731861078828 0.004529495723545551 22
1731861079358 0.005558824632316828 23
1731861079864 0.006783314980566502 24
1731861080396 0.004794818814843893 25
1731861080922 0.005354022141546011 26
1731861081552 0.004039676394313574 27
1731861082174 0.006202951073646545 28
1731861082721 0.004298212938010693 29
1731861083226 0.004233092535287142 30
1731861083729 0.0037616901099681854 31
1731861084232 0.0038468153215944767 32
1731861084743 0.004346715752035379 33
1731861085529 0.003670820500701666 34
1731861086048 0.0036786876153200865 35
1731861086553 0.0033641133923083544 36
1731861087067 0.0031003495678305626 37
1731861087601 0.0030494583770632744 38
1731861088114 0.003801704151555896 39
1731861088627 0.0031886426731944084 40
1731861089138 0.0038155969232320786 41
1731861089649 0.0033486243337392807 42
1731861090175 0.0035003749653697014 43
1731861090688 0.0036381210666149855 44
1731861091202 0.003175354329869151 45
1731861091719 0.0033080352004617453 46
1731861092248 0.008400380611419678 47
1731861092757 0.004595841281116009 48
1731861093272 0.003990255296230316 49
