1731891610372 0.019763940945267677 0
1731891611815 0.008891922421753407 1
1731891613341 0.004233851563185453 2
1731891614770 0.004992179572582245 3
1731891616125 0.004191395826637745 4
1731891617575 0.003925121854990721 5
1731891618921 0.002874844241887331 6
1731891620570 0.003218115074560046 7
1731891622213 0.0027831948827952147 8
1731891623601 0.0033578749280422926 9
1731891624936 0.002390108769759536 10
1731891626400 0.0030098583083599806 11
1731891628043 0.002134863520041108 12
1731891629383 0.002066838787868619 13
1731891630709 0.002110043540596962 14
1731891632144 0.0022170080337673426 15
1731891633725 0.002520759589970112 16
1731891635154 0.0017660381272435188 17
1731891636492 0.0020040003582835197 18
1731891637880 0.0022259498946368694 19
1731891639231 0.0015366990119218826 20
1731891640588 0.002100384794175625 21
1731891642088 0.001765222055837512 22
1731891643612 0.0016405904898419976 23
1731891644934 0.0019711493514478207 24
1731891646294 0.0023560989648103714 25
1731891647672 0.0015525855123996735 26
1731891649036 0.0015179958427324891 27
1731891650410 0.0019236275693401694 28
1731891651745 0.0016125589609146118 29
1731891653108 0.0013089000713080168 30
1731891654474 0.0015365165891125798 31
1731891655841 0.001742079621180892 32
1731891657467 0.0015357827069237828 33
1731891658843 0.0020975496154278517 34
1731891660215 0.0015721003292128444 35
1731891661654 0.00162818084936589 36
1731891663016 0.0016037459718063474 37
1731891664315 0.0014081831322982907 38
1731891665688 0.0019414575072005391 39
1731891667032 0.0014805449172854424 40
1731891668387 0.0017300720792263746 41
1731891669894 0.0014877879293635488 42
1731891671414 0.0012593686114996672 43
1731891672787 0.0016500568017363548 44
1731891674158 0.0013631294714286923 45
1731891675527 0.0013810136588290334 46
1731891676904 0.0014044881099835038 47
1731891678275 0.0013510648859664798 48
1731891679675 0.0016565301921218634 49
