1731868598140 0.07287784665822983 0
1731868598834 0.011073826812207699 1
1731868599487 0.004711756482720375 2
1731868600050 0.005433025769889355 3
1731868600768 0.0032944404520094395 4
1731868601391 0.0022634852211922407 5
1731868601958 0.0028737899847328663 6
1731868602611 0.002187358448281884 7
1731868603178 0.0020516589283943176 8
1731868603739 0.002196797402575612 9
1731868604288 0.0030446439050137997 10
1731868605090 0.002669267589226365 11
1731868605653 0.0037129053380340338 12
1731868606192 0.003863318357616663 13
1731868606809 0.002042696112766862 14
1731868607497 0.0017590317875146866 15
1731868608026 0.002051335060968995 16
1731868608577 0.0018688072450459003 17
1731868609216 0.0017833637539297342 18
1731868609882 0.0035373952705413103 19
1731868610439 0.0020194866228848696 20
1731868610966 0.0018507462227717042 21
1731868611631 0.0016848010709509254 22
1731868612195 0.0016687829047441483 23
1731868612842 0.00165884371381253 24
1731868613581 0.001556112663820386 25
1731868614110 0.0015498176217079163 26
1731868614764 0.0015183365903794765 27
1731868615402 0.0019261764828115702 28
1731868616002 0.0026299532037228346 29
1731868616575 0.0016912546707317233 30
1731868617162 0.001517568831332028 31
1731868617722 0.0014787402469664812 32
1731868618278 0.0015447664773091674 33
1731868618827 0.0021048453636467457 34
1731868619426 0.0017951602349057794 35
1731868619958 0.0015641557984054089 36
1731868620523 0.001451945281587541 37
1731868621092 0.0013481068890541792 38
1731868621976 0.0013624660205096006 39
1731868622643 0.0012551196850836277 40
1731868623172 0.0014565896708518267 41
1731868623731 0.0032015100587159395 42
1731868624292 0.004087100736796856 43
1731868624984 0.0016923785442486405 44
1731868625538 0.0014091944321990013 45
1731868626127 0.0012791849439963698 46
1731868626720 0.001422779867425561 47
1731868627270 0.001317232265137136 48
1731868627806 0.0012811585329473019 49
