1731867132117 0.046392157673835754 0
1731867132727 0.0073336465284228325 1
1731867133350 0.004768041893839836 2
1731867133857 0.0032794850412756205 3
1731867134396 0.003514382988214493 4
1731867134951 0.0028684097342193127 5
1731867135544 0.0027832414489239454 6
1731867136044 0.004525480791926384 7
1731867136678 0.003551197238266468 8
1731867137235 0.0032044737599790096 9
1731867137741 0.0026529692113399506 10
1731867138289 0.0046418458223342896 11
1731867138824 0.003075175452977419 12
1731867139429 0.002360827289521694 13
1731867139928 0.002535052364692092 14
1731867140428 0.0024385724682360888 15
1731867141017 0.0024899619165807962 16
1731867141518 0.0019590184092521667 17
1731867142033 0.002091753762215376 18
1731867142575 0.002044031396508217 19
1731867143192 0.0018791642505675554 20
1731867143722 0.00195482699200511 21
1731867144221 0.0019460312323644757 22
1731867144733 0.002522169379517436 23
1731867145245 0.0025516257155686617 24
1731867145777 0.0022994026076048613 25
1731867146283 0.0017977565294131637 26
1731867147043 0.0035310317762196064 27
1731867147585 0.00686228321865201 28
1731867148113 0.0031113417353481054 29
1731867148641 0.001984208822250366 30
1731867149149 0.0018087737262248993 31
1731867149667 0.002037283731624484 32
1731867150568 0.0023526600562036037 33
1731867151136 0.0019690890330821276 34
1731867151672 0.0018259580247104168 35
1731867152221 0.001728550880216062 36
1731867152842 0.0017043179832398891 37
1731867153441 0.0017903437837958336 38
1731867153983 0.0016765246400609612 39
1731867154531 0.0025452205445617437 40
1731867155105 0.0018005452584475279 41
1731867155657 0.0015858318656682968 42
1731867156510 0.0015986912185326219 43
1731867157107 0.0015971068060025573 44
1731867157748 0.0014980516862124205 45
1731867158289 0.0017485617427155375 46
1731867158823 0.0016791434027254581 47
1731867159662 0.0017937470693141222 48
1731867160262 0.0018821023404598236 49
