1731871807586 0.03370290994644165 0
1731871809884 0.004715301096439362 1
1731871811589 0.004282941110432148 2
1731871813735 0.002567369258031249 3
1731871815490 0.0019112020963802934 4
1731871816838 0.0019089716952294111 5
1731871818576 0.0018863080767914653 6
1731871820264 0.0018400894477963448 7
1731871821646 0.001630108687095344 8
1731871823430 0.0015845943707972765 9
1731871825491 0.0019764977041631937 10
1731871826891 0.00300882407464087 11
1731871828342 0.0020126153249293566 12
1731871829840 0.002301332075148821 13
1731871831430 0.00162035902030766 14
1731871832778 0.0017848588759079576 15
1731871834475 0.0019632659386843443 16
1731871836215 0.001420993939973414 17
1731871838008 0.0013790815137326717 18
1731871839531 0.0013080756179988384 19
1731871841700 0.0013501723296940327 20
1731871843117 0.0014230599626898766 21
1731871844618 0.0014939254615455866 22
1731871846452 0.0015427697217091918 23
1731871848442 0.0013739332789555192 24
1731871850610 0.0015296086203306913 25
1731871851916 0.001670409576036036 26
1731871853292 0.001396051375195384 27
1731871854627 0.0011588180204853415 28
1731871856177 0.001418189611285925 29
1731871858478 0.0010497892508283257 30
1731871860471 0.002179746748879552 31
1731871862263 0.002393857343122363 32
1731871863767 0.0026440054643899202 33
1731871865130 0.0014294551219791174 34
1731871866818 0.0016999177169054747 35
1731871868786 0.0013064644299447536 36
1731871870109 0.0014653148828074336 37
1731871871495 0.0013496865285560489 38
1731871872727 0.0019451886182650924 39
1731871873986 0.001439206302165985 40
1731871875295 0.0017499448731541634 41
1731871876989 0.0016655611107125878 42
1731871878830 0.0011372503358870745 43
1731871880372 0.0014039118541404605 44
1731871882203 0.001101834001019597 45
1731871884288 0.0011714498978108168 46
1731871885637 0.001085523865185678 47
1731871886909 0.0013495453167706728 48
1731871888338 0.0020034329500049353 49
