1731866877829 0.1328752338886261 0
1731866878531 0.013146920129656792 1
1731866879194 0.01040887925773859 2
1731866879749 0.011776951141655445 3
1731866880392 0.008839103393256664 4
1731866880922 0.008723256178200245 5
1731866881598 0.0026378659531474113 6
1731866882423 0.0022973893210291862 7
1731866883185 0.0020975591614842415 8
1731866883850 0.0025401157326996326 9
1731866884401 0.0034239087253808975 10
1731866884953 0.005725793074816465 11
1731866885623 0.0020209888461977243 12
1731866886353 0.002074053045362234 13
1731866886881 0.0020652925595641136 14
1731866887490 0.002109828870743513 15
1731866888157 0.002336631529033184 16
1731866888677 0.002958479803055525 17
1731866889194 0.0024489567149430513 18
1731866889722 0.001840889104641974 19
1731866890265 0.001671148114837706 20
1731866890887 0.001916324719786644 21
1731866891465 0.0018408006289973855 22
1731866892044 0.0016489976551383734 23
1731866892586 0.003211215604096651 24
1731866893105 0.002363598207011819 25
1731866893649 0.0019352210219949484 26
1731866894167 0.001871977699920535 27
1731866894816 0.0015497386921197176 28
1731866895360 0.001886883401311934 29
1731866895882 0.0019689658656716347 30
1731866896391 0.001995270838961005 31
1731866897039 0.0018346727592870593 32
1731866897562 0.0017456760397180915 33
1731866898081 0.001691920799203217 34
1731866898624 0.002050766022875905 35
1731866899144 0.0016337594715878367 36
1731866899680 0.0014283736236393452 37
1731866900425 0.0014466167194768786 38
1731866900940 0.001676684245467186 39
1731866901462 0.0013741296716034412 40
1731866902006 0.0016616889042779803 41
1731866902632 0.0014072693884372711 42
1731866903244 0.0017403882229700685 43
1731866903761 0.0018761020619422197 44
1731866904323 0.002285853261128068 45
1731866904810 0.001935674692504108 46
1731866905315 0.0016295522218570113 47
1731866905830 0.0017267543589696288 48
1731866906364 0.0017132560024037957 49
