1731859954708 0.05930819362401962 0
1731859955327 0.017841912806034088 1
1731859955930 0.0111748231574893 2
1731859956566 0.007949703373014927 3
1731859957071 0.006423042621463537 4
1731859957581 0.0067206197418272495 5
1731859958203 0.0049052769318223 6
1731859958835 0.004934842698276043 7
1731859959460 0.0048392293974757195 8
1731859959962 0.008809410966932774 9
1731859960461 0.005062163807451725 10
1731859961264 0.0038745873607695103 11
1731859961767 0.003567027859389782 12
1731859962273 0.003681879723444581 13
1731859962780 0.00372171588242054 14
1731859963309 0.003593199420720339 15
1731859963822 0.0035529753658920527 16
1731859964433 0.005213820841163397 17
1731859964939 0.005164118949323893 18
1731859965462 0.00442779203876853 19
1731859965994 0.00521355913951993 20
1731859966498 0.0047942339442670345 21
1731859967004 0.00416759354993701 22
1731859967509 0.005234870128333569 23
1731859968036 0.0037243934348225594 24
1731859968656 0.0029931552708148956 25
1731859969158 0.003511441173031926 26
1731859969671 0.004018215462565422 27
1731859970198 0.0028672858607023954 28
1731859970940 0.002640165388584137 29
1731859971464 0.002833436941727996 30
1731859971984 0.0032611980568617582 31
1731859972516 0.0028199446387588978 32
1731859973040 0.0026750965043902397 33
1731859973550 0.002424557227641344 34
1731859974048 0.0024737934581935406 35
1731859974571 0.002313160803169012 36
1731859975200 0.0026464343536645174 37
1731859975711 0.0026771535631269217 38
1731859976207 0.0031811539083719254 39
1731859976709 0.0026398953050374985 40
1731859977235 0.0050612254999578 41
1731859977749 0.003174281446263194 42
1731859978259 0.00252936570905149 43
1731859978760 0.002688342472538352 44
1731859979284 0.0023762783966958523 45
1731859979793 0.002409151289612055 46
1731859980551 0.00233885133638978 47
1731859981057 0.0021868508774787188 48
1731859981701 0.0023129242472350597 49
