1731809257123 0.0523027703166008 0
1731809257957 0.027903711423277855 1
1731809258613 0.021571125835180283 2
1731809259513 0.015830112621188164 3
1731809260181 0.01174270547926426 4
1731809260882 0.00794123113155365 5
1731809261607 0.005122531671077013 6
1731809262274 0.0032968767918646336 7
1731809262914 0.0020200530998408794 8
1731809263543 0.0013279590057209134 9
1731809264208 0.0009136246517300606 10
1731809264860 0.0006887965137138963 11
1731809265645 0.0005920757539570332 12
1731809266337 0.0005418618675321341 13
1731809267092 0.0005089373444207013 14
1731809267722 0.0005009404267184436 15
1731809268269 0.0004895400488749146 16
1731809268839 0.0004905392415821552 17
1731809269428 0.0004875456215813756 18
1731809269963 0.0004878533072769642 19
1731809270528 0.0004888940020464361 20
1731809271113 0.00048408581642434 21
1731809271774 0.00048754888121038675 22
1731809272604 0.0004862312925979495 23
1731809273169 0.0004903393564745784 24
1731809273733 0.00048618525033816695 25
1731809274312 0.0004889198462478817 26
1731809274881 0.0004855500010307878 27
1731809275458 0.0004891451681032777 28
1731809276111 0.0004878458858001977 29
1731809276822 0.000482095405459404 30
1731809277450 0.00048508073086850345 31
1731809278200 0.00048037656233645976 32
1731809279112 0.00048035942018032074 33
1731809279689 0.0004788421210832894 34
1731809280251 0.00048810840235091746 35
1731809280975 0.00048320548376068473 36
1731809281548 0.0004873547295574099 37
1731809282142 0.00048724072985351086 38
1731809282844 0.00048129656352102757 39
1731809283590 0.00048211272223852575 40
1731809284433 0.0004890062846243382 41
1731809285282 0.00047780125169083476 42
1731809286005 0.0004884031950496137 43
1731809286795 0.0004838748136535287 44
1731809287333 0.00048486902960576117 45
1731809287898 0.00047278133570216596 46
1731809288481 0.00048234182759188116 47
1731809289199 0.0004844811628572643 48
1731809289827 0.0004847606469411403 49
1731809290581 0.0004831032420042902 50
1731809291169 0.0004831525147892535 51
1731809291997 0.0004821200272999704 52
1731809292665 0.00047589943278580904 53
1731809293239 0.00047828181413933635 54
1731809293850 0.000482364819617942 55
1731809294648 0.00047847849782556295 56
1731809295194 0.00048803864046931267 57
1731809295839 0.000485259952256456 58
1731809296578 0.0004837171291001141 59
1731809297321 0.0004773228138219565 60
1731809297954 0.00048280940973199904 61
1731809298595 0.0004752092354465276 62
1731809299396 0.0004784934571944177 63
1731809300187 0.0004797631991095841 64
1731809300731 0.0004809609381482005 65
1731809301278 0.000484118121676147 66
1731809302019 0.00048444984713569283 67
1731809302831 0.00047652539797127247 68
1731809303516 0.0004815004940610379 69
1731809304147 0.0004815105930902064 70
1731809304786 0.00047995909699238837 71
1731809305474 0.0004841562476940453 72
1731809306026 0.0004770708328578621 73
1731809306624 0.00048084522131830454 74
1731809307164 0.0004841298796236515 75
1731809307708 0.0004838062741328031 76
1731809308282 0.0004836159641854465 77
1731809308854 0.0004815323045477271 78
1731809309429 0.0004796391585841775 79
1731809309969 0.00048009835882112384 80
1731809310714 0.0004764335753861815 81
1731809311295 0.0004784531774930656 82
1731809311846 0.00048254759167321026 83
1731809312402 0.0004795598506461829 84
1731809312945 0.00048349855933338404 85
1731809313529 0.0004718572599813342 86
1731809314117 0.00048136638361029327 87
1731809314692 0.0004810308455489576 88
1731809315301 0.0004732170782517642 89
1731809315869 0.00047783879563212395 90
1731809316424 0.000472941726911813 91
1731809316969 0.00047438513138331473 92
1731809317674 0.0004614658828359097 93
1731809318314 0.0004848286334890872 94
1731809318837 0.00048244468052871525 95
1731809319358 0.00047747595817781985 96
1731809319982 0.00048064073780551553 97
1731809320556 0.0004780865565408021 98
1731809321111 0.0004799710586667061 99
