1731891186318 0.16811874508857727 0
1731891188507 0.16727526485919952 1
1731891190689 0.16721929609775543 2
1731891193111 0.16721822321414948 3
1731891195196 0.07940258830785751 4
1731891197406 0.01089173648506403 5
1731891199470 0.002522688126191497 6
1731891201643 0.0024363859556615353 7
1731891203927 0.001964439172297716 8
1731891206313 0.0015281189698725939 9
1731891208374 0.0012980332830920815 10
1731891210427 0.0013325064210221171 11
1731891212534 0.0012872067745774984 12
1731891214684 0.0013098070630803704 13
1731891216781 0.0012576847802847624 14
1731891218896 0.0011036746436730027 15
1731891221290 0.0010704627493396401 16
1731891223460 0.0014595234533771873 17
1731891225505 0.001082356320694089 18
1731891227578 0.0011198200518265367 19
1731891229721 0.0011643250472843647 20
1731891231947 0.0010824264027178288 21
1731891234043 0.0011742464266717434 22
1731891236168 0.0013332057278603315 23
1731891238458 0.0010386554058641195 24
1731891240511 0.0011260308092460036 25
1731891242780 0.0012752799084410071 26
1731891244858 0.0010120555525645614 27
1731891246943 0.0012302373070269823 28
1731891249029 0.00101695756893605 29
1731891251158 0.0011147322366014123 30
1731891253253 0.0011554110096767545 31
1731891255576 0.0012081399327144027 32
1731891257790 0.0012637340696528554 33
1731891259867 0.0010183649137616158 34
1731891261993 0.0009852099465206265 35
1731891264126 0.0010472292779013515 36
1731891266192 0.0010779054136946797 37
1731891268337 0.0009699899237602949 38
1731891270438 0.00104458665009588 39
1731891272760 0.0010646239388734102 40
1731891274907 0.0011734254658222198 41
1731891277125 0.0010840266477316618 42
1731891279297 0.0009738964145071805 43
1731891281375 0.000965513230767101 44
1731891283814 0.000999466166831553 45
1731891285884 0.001015175599604845 46
1731891288018 0.0010322047164663672 47
1731891290278 0.0010578427463769913 48
1731891292340 0.0009216160979121923 49
