1731866776379 0.0733470767736435 0
1731866777288 0.006279815454035997 1
1731866777851 0.009690974839031696 2
1731866778392 0.006063463166356087 3
1731866779057 0.002639481797814369 4
1731866779639 0.0022396750282496214 5
1731866780200 0.002046956680715084 6
1731866780846 0.00330185960046947 7
1731866781387 0.002166695659980178 8
1731866781975 0.0018126490758731961 9
1731866782543 0.0018859760602936149 10
1731866783090 0.00188777397852391 11
1731866783652 0.001996578648686409 12
1731866784214 0.0020786100067198277 13
1731866784900 0.0018557233270257711 14
1731866785438 0.0016177463112398982 15
1731866785998 0.0017330072587355971 16
1731866786587 0.001834516180679202 17
1731866787136 0.0016775258118286729 18
1731866787815 0.0015523323090746999 19
1731866788466 0.0015643681399524212 20
1731866789087 0.0015421684365719557 21
1731866789646 0.0017850564327090979 22
1731866790220 0.0016638539964333177 23
1731866790803 0.0015873877564445138 24
1731866791376 0.0015400588745251298 25
1731866791942 0.0015271056909114122 26
1731866792598 0.0017098614480346441 27
1731866793142 0.002279764972627163 28
1731866793830 0.0022787509951740503 29
1731866794380 0.001578871626406908 30
1731866795122 0.0016299451235681772 31
1731866795681 0.0045511769130826 32
1731866796245 0.0019534507300704718 33
1731866796813 0.0013233521021902561 34
1731866797360 0.0013465326046571136 35
1731866797925 0.0013858331367373466 36
1731866798534 0.0015849967021495104 37
1731866799085 0.0014871987514197826 38
1731866799653 0.0013454138534143567 39
1731866800301 0.0014444179832935333 40
1731866800895 0.0014197919517755508 41
1731866801464 0.0013431617990136147 42
1731866802129 0.0012283107498660684 43
1731866802691 0.0012446664040908217 44
1731866803257 0.0012976792640984058 45
1731866803812 0.001366007374599576 46
1731866804351 0.0015020184218883514 47
1731866804917 0.0012353326892480254 48
1731866805516 0.001125331036746502 49
