1731874798359 0.01807464472949505 0
1731874799374 0.0028166002593934536 1
1731874800445 0.0029801384080201387 2
1731874801415 0.001992795616388321 3
1731874802324 0.002197772031649947 4
1731874803235 0.001963024027645588 5
1731874804396 0.0019153380999341607 6
1731874805266 0.0017771212151274085 7
1731874806262 0.00141282775439322 8
1731874807359 0.0015625880332663655 9
1731874808304 0.001410655677318573 10
1731874809204 0.001981423469260335 11
1731874810259 0.0015672637382522225 12
1731874811185 0.0015919922152534127 13
1731874812100 0.0013394620036706328 14
1731874813644 0.0013881090562790632 15
1731874814958 0.0014273427659645677 16
1731874815856 0.0014427290298044682 17
1731874816739 0.0013806148199364543 18
1731874817662 0.001463839435018599 19
1731874818605 0.0013735496904700994 20
1731874819481 0.0012762253172695637 21
1731874820490 0.001222497201524675 22
1731874821375 0.0012488898355513811 23
1731874822286 0.0013758187415078282 24
1731874823189 0.001093274331651628 25
1731874824513 0.001110484474338591 26
1731874825626 0.001172254211269319 27
1731874826573 0.0013064747909083962 28
1731874827523 0.0012576645240187645 29
1731874828547 0.001014834619127214 30
1731874829466 0.0011204578913748264 31
1731874830420 0.0009878244018182158 32
1731874831372 0.001287539373151958 33
1731874832301 0.000961035315413028 34
1731874833179 0.0010835545836016536 35
1731874834082 0.0009659682400524616 36
1731874835083 0.0014759718906134367 37
1731874835946 0.00111306831240654 38
1731874837020 0.0009976747678592801 39
1731874837997 0.0012099805753678083 40
1731874838859 0.0010761898010969162 41
1731874839805 0.0010526918340474367 42
1731874840833 0.0009253149037249386 43
1731874841731 0.0009497667197138071 44
1731874842609 0.0009313894552178681 45
1731874843605 0.001017030910588801 46
1731874844489 0.0012140678009018302 47
1731874845378 0.0011486159637570381 48
1731874846338 0.0010036188177764416 49
