1731881033946 0.10742007195949554 0
1731881035203 0.019053785130381584 1
1731881036423 0.009607439860701561 2
1731881037659 0.008228879421949387 3
1731881038730 0.007582156918942928 4
1731881039868 0.004628502298146486 5
1731881040940 0.007455154787749052 6
1731881042032 0.0047268616035580635 7
1731881043444 0.0029542408883571625 8
1731881044563 0.005753589794039726 9
1731881045641 0.004631113726645708 10
1731881046740 0.0038588596507906914 11
1731881047812 0.004628315567970276 12
1731881048883 0.00338376616127789 13
1731881050017 0.003043640870600939 14
1731881051086 0.0024343696422874928 15
1731881052197 0.0038915318436920643 16
1731881053577 0.003234305651858449 17
1731881054860 0.002610998461022973 18
1731881055936 0.0036914851516485214 19
1731881057037 0.002684254664927721 20
1731881058113 0.0027118560392409563 21
1731881059213 0.0021031617652624846 22
1731881060319 0.002259722677990794 23
1731881061410 0.002036745660007 24
1731881062495 0.003186431247740984 25
1731881063591 0.0027230081614106894 26
1731881064725 0.0023519545793533325 27
1731881065886 0.0024023426230996847 28
1731881067075 0.002381235593929887 29
1731881068196 0.002283118898048997 30
1731881069445 0.0020645728800445795 31
1731881070549 0.0024346215650439262 32
1731881071666 0.002264874055981636 33
1731881072780 0.0021159686148166656 34
1731881073939 0.0015555904246866703 35
1731881075123 0.002384895458817482 36
1731881076304 0.0021617065649479628 37
1731881077451 0.0020482190884649754 38
1731881078658 0.0019593078177422285 39
1731881079962 0.0016200989484786987 40
1731881081047 0.0026534858625382185 41
1731881082162 0.0017430176958441734 42
1731881083247 0.0017374004237353802 43
1731881084360 0.002066831337288022 44
1731881085468 0.002570423064753413 45
1731881086729 0.0015515966806560755 46
1731881087821 0.0016118972562253475 47
1731881088931 0.0021454887464642525 48
1731881090041 0.0019277787068858743 49
