1731880496755 0.09674300253391266 0
1731880497447 0.011509952135384083 1
1731880498094 0.0043403576128184795 2
1731880498758 0.0034026007633656263 3
1731880499287 0.003497602418065071 4
1731880499841 0.003347452962771058 5
1731880500489 0.0036277244798839092 6
1731880501015 0.0030235738959163427 7
1731880501533 0.0028081992641091347 8
1731880502090 0.003123312257230282 9
1731880502613 0.0026774273719638586 10
1731880503137 0.0023522484116256237 11
1731880503662 0.002825008938089013 12
1731880504510 0.00285781710408628 13
1731880505036 0.0057585774920880795 14
1731880505564 0.00202644313685596 15
1731880506085 0.002035103738307953 16
1731880506752 0.0018302970565855503 17
1731880507285 0.001679677632637322 18
1731880507862 0.001871352782472968 19
1731880508393 0.0017793651204556227 20
1731880509080 0.0017754336586222053 21
1731880509600 0.0014294444117695093 22
1731880510246 0.001556847826577723 23
1731880510779 0.0017277032602578402 24
1731880511332 0.00159572740085423 25
1731880511863 0.001404539798386395 26
1731880512388 0.0017995134694501758 27
1731880512913 0.001401479821652174 28
1731880513482 0.001597063266672194 29
1731880514011 0.0013502148212864995 30
1731880514527 0.001456203288398683 31
1731880515196 0.0018894595559686422 32
1731880515748 0.0015511164674535394 33
1731880516273 0.001470957649871707 34
1731880516805 0.0015890744980424643 35
1731880517329 0.0012800226686522365 36
1731880517888 0.001300934934988618 37
1731880518596 0.0014166233595460653 38
1731880519129 0.0012818020768463612 39
1731880519658 0.001488731475546956 40
1731880520190 0.0012643457157537341 41
1731880520847 0.0019189241575077176 42
1731880521374 0.0013533660676330328 43
1731880521905 0.0013923690421506763 44
1731880522424 0.0012287897989153862 45
1731880523110 0.0012518925359472632 46
1731880523815 0.0013000074541196227 47
1731880524340 0.0015432400396093726 48
1731880524891 0.0012219441123306751 49
