1731868904123 0.04230593889951706 0
1731868905295 0.003896674606949091 1
1731868906343 0.002410107757896185 2
1731868907563 0.0030598039738833904 3
1731868908573 0.00647631473839283 4
1731868909818 0.002809403231367469 5
1731868910988 0.0015364800347015262 6
1731868912190 0.002047079149633646 7
1731868913195 0.0016987586859613657 8
1731868914216 0.0017051179893314838 9
1731868915201 0.002596831414848566 10
1731868916268 0.0018260242650285363 11
1731868917416 0.0019934766460210085 12
1731868918400 0.0015746261924505234 13
1731868919530 0.0020083351992070675 14
1731868920558 0.0013790357625111938 15
1731868921886 0.0012415931560099125 16
1731868922883 0.002185648074373603 17
1731868923908 0.0018452599178999662 18
1731868924936 0.0017153664957731962 19
1731868925985 0.0013300372520461679 20
1731868927029 0.0013228297466412187 21
1731868928085 0.001594914123415947 22
1731868929118 0.0019692201167345047 23
1731868930119 0.0023108108434826136 24
1731868931232 0.0014598683919757605 25
1731868932400 0.002507713856175542 26
1731868933484 0.0012896888656541705 27
1731868934507 0.0013424488715827465 28
1731868935675 0.0011256042635068297 29
1731868936711 0.0013530972646549344 30
1731868937823 0.001108212280087173 31
1731868938857 0.0011761129135265946 32
1731868939982 0.0015037626726552844 33
1731868941052 0.0012804499128833413 34
1731868942135 0.0012749852612614632 35
1731868943175 0.0012714755721390247 36
1731868944387 0.0015942517202347517 37
1731868945435 0.001161285093985498 38
1731868946519 0.0010104633402079344 39
1731868947565 0.0010252500651404262 40
1731868948681 0.0011819653445854783 41
1731868949743 0.0019249831093475223 42
1731868950821 0.0010709019843488932 43
1731868952084 0.0017444536788389087 44
1731868953202 0.0013824616326019168 45
1731868954499 0.001158813014626503 46
1731868955551 0.0013934440212324262 47
1731868956679 0.0013095373287796974 48
1731868958080 0.0011417355854064226 49
