1731870992266 0.04121818765997887 0
1731870993081 0.006777510512620211 1
1731870994758 0.0068163494579494 2
1731870995823 0.005617580376565456 3
1731870996698 0.00377830071374774 4
1731870997465 0.005162219516932964 5
1731870998160 0.0046479529701173306 6
1731870998854 0.0048650046810507774 7
1731870999710 0.0037318067625164986 8
1731871000654 0.003914680331945419 9
1731871001301 0.004329946357756853 10
1731871001956 0.0031047866214066744 11
1731871002634 0.0034730827901512384 12
1731871003534 0.002666462678462267 13
1731871004571 0.003232821123674512 14
1731871005461 0.0026409367565065622 15
1731871006110 0.004029075149446726 16
1731871006870 0.0022916856687515974 17
1731871007536 0.003038219176232815 18
1731871008275 0.002499661408364773 19
1731871008939 0.002724539954215288 20
1731871009618 0.002148677594959736 21
1731871010170 0.0020549832843244076 22
1731871010726 0.002681855810806155 23
1731871011304 0.0026179987471550703 24
1731871011954 0.002198829548433423 25
1731871012766 0.0019922007340937853 26
1731871013447 0.002696230774745345 27
1731871014000 0.002280284883454442 28
1731871014544 0.0020118432585150003 29
1731871015072 0.0022742305882275105 30
1731871015920 0.0017881684470921755 31
1731871016804 0.002191552659496665 32
1731871017475 0.0026750266551971436 33
1731871018074 0.0020129287149757147 34
1731871018646 0.002034910023212433 35
1731871019217 0.0016652169870212674 36
1731871019817 0.0018577518640086055 37
1731871020384 0.001873075612820685 38
1731871020993 0.0020811171270906925 39
1731871021706 0.0016890635015442967 40
1731871022243 0.0024006564635783434 41
1731871022901 0.001534199807792902 42
1731871023569 0.0019750113133341074 43
1731871024210 0.0016281643183901906 44
1731871024859 0.0017824135720729828 45
1731871025514 0.001773551688529551 46
1731871026241 0.0019334363751113415 47
1731871026896 0.002054675715044141 48
1731871027500 0.0016165326815098524 49
