1731853173937 0.08352503180503845 0
1731853174590 0.0803571343421936 1
1731853175191 0.06290445476770401 2
1731853175702 0.061830904334783554 3
1731853176311 0.08854427188634872 4
1731853176835 0.054330408573150635 5
1731853177346 0.06297348439693451 6
1731853177950 0.05314786732196808 7
1731853178452 0.05180738493800163 8
1731853178938 0.05519266054034233 9
1731853179462 0.05256662517786026 10
1731853179948 0.05361788347363472 11
1731853180457 0.05615130439400673 12
1731853180946 0.05124577879905701 13
1731853181483 0.051241833716630936 14
1731853181966 0.04351655766367912 15
1731853182753 0.046752288937568665 16
1731853183240 0.039132166653871536 17
1731853183773 0.04420729726552963 18
1731853184263 0.04421641305088997 19
1731853184770 0.05480527505278587 20
1731853185254 0.04118834063410759 21
1731853185900 0.04386485740542412 22
1731853186427 0.054982054978609085 23
1731853186913 0.041217755526304245 24
1731853187454 0.05280917137861252 25
1731853188012 0.054461028426885605 26
1731853188561 0.0436648353934288 27
1731853189043 0.035950418561697006 28
1731853189551 0.04597978666424751 29
1731853190035 0.039934106171131134 30
1731853190563 0.03729827329516411 31
1731853191088 0.03447720780968666 32
1731853191630 0.03456735983490944 33
1731853192119 0.03594157099723816 34
1731853192632 0.03045590966939926 35
1731853193167 0.03229416161775589 36
1731853193681 0.028404897078871727 37
1731853194166 0.028639456257224083 38
1731853194817 0.02973027713596821 39
1731853195393 0.02700863406062126 40
1731853196040 0.0338326171040535 41
1731853196548 0.03709443658590317 42
1731853197051 0.02489573135972023 43
1731853197585 0.025493726134300232 44
1731853198081 0.02737801894545555 45
1731853198578 0.022825445979833603 46
1731853199067 0.02284427173435688 47
1731853199575 0.022827405482530594 48
1731853200089 0.02407931536436081 49
