1731859348890 0.17928484082221985 0
1731859349507 0.17147159576416016 1
1731859350088 0.16854454576969147 2
1731859350671 0.16729195415973663 3
1731859351247 0.05466422066092491 4
1731859351803 0.024334749206900597 5
1731859352388 0.008367640897631645 6
1731859352863 0.009276514872908592 7
1731859353339 0.008174298331141472 8
1731859353836 0.0047466941177845 9
1731859354311 0.003842339152470231 10
1731859354943 0.004160337150096893 11
1731859355424 0.00593414856120944 12
1731859355903 0.005381356459110975 13
1731859356499 0.008734469301998615 14
1731859356975 0.005284528713673353 15
1731859357454 0.0036821840330958366 16
1731859357936 0.0033380663953721523 17
1731859358438 0.0038021004293113947 18
1731859358915 0.004747983533889055 19
1731859359396 0.00414365716278553 20
1731859359960 0.0034059432800859213 21
1731859360445 0.0034030694514513016 22
1731859360945 0.003033554647117853 23
1731859361427 0.0043124365620315075 24
1731859361901 0.0034069851972162724 25
1731859362374 0.003670508973300457 26
1731859362873 0.0033926567994058132 27
1731859363363 0.004867241717875004 28
1731859363841 0.003685045288875699 29
1731859364318 0.0034631621092557907 30
1731859364798 0.003259823191910982 31
1731859365534 0.0035841495264321566 32
1731859366018 0.0034842079039663076 33
1731859366537 0.003752922872081399 34
1731859367009 0.003162174951285124 35
1731859367492 0.0033550416119396687 36
1731859368089 0.003102125832810998 37
1731859368569 0.003090749029070139 38
1731859369046 0.0026610945351421833 39
1731859369528 0.00296586356125772 40
1731859370123 0.0034457885194569826 41
1731859370607 0.00286029907874763 42
1731859371185 0.0030602936167269945 43
1731859371675 0.0026060391683131456 44
1731859372156 0.002533390885218978 45
1731859372657 0.0030719072092324495 46
1731859373130 0.0026837061159312725 47
1731859373609 0.005123103968799114 48
1731859374085 0.002820070367306471 49
