1731882679790 0.09829465299844742 0
1731882680192 0.02712918072938919 1
1731882680582 0.010937037877738476 2
1731882680968 0.005424849689006805 3
1731882681395 0.004359804093837738 4
1731882681647 0.0040562208741903305 5
1731882681887 0.0038812970742583275 6
1731882682131 0.0034956203307956457 7
1731882682672 0.0035347514785826206 8
1731882682914 0.00328008527867496 9
1731882683173 0.002954903757199645 10
1731882683416 0.0028873146511614323 11
1731882683691 0.0028264259453862906 12
1731882684068 0.0027358131483197212 13
1731882684319 0.002656401600688696 14
1731882684569 0.0023835350293666124 15
1731882684809 0.0024815041106194258 16
1731882685204 0.0024407391902059317 17
1731882685442 0.0022810176014900208 18
1731882685732 0.0021853018552064896 19
1731882686012 0.0024128484074026346 20
1731882686259 0.00238195713609457 21
1731882686507 0.002270307159051299 22
1731882686754 0.002068045549094677 23
1731882687142 0.0021368623711168766 24
1731882687383 0.0021417802199721336 25
1731882687627 0.001965697854757309 26
1731882687873 0.0020286592189222574 27
1731882688121 0.001910064253024757 28
1731882688718 0.0019432218978181481 29
1731882689191 0.002164179692044854 30
1731882689594 0.0018028673948720098 31
1731882689845 0.00186252617277205 32
1731882690089 0.0017430001171305776 33
1731882690339 0.0016319629503414035 34
1731882690583 0.001884126802906394 35
1731882690853 0.002433049725368619 36
1731882691102 0.0017737152520567179 37
1731882691343 0.0016290261410176754 38
1731882691588 0.0015580274630337954 39
1731882691830 0.0015690949512645602 40
1731882692072 0.0015949532389640808 41
1731882692316 0.001617903122678399 42
1731882692592 0.0019657600205391645 43
1731882692878 0.0017886519199237227 44
1731882693385 0.0017231456004083157 45
1731882693669 0.001555972034111619 46
1731882693966 0.0015521529130637646 47
1731882694259 0.0014122454449534416 48
1731882694542 0.0014907553559169173 49
