1731878568762 0.02627231739461422 0
1731878572070 0.008811996318399906 1
1731878575225 0.005519993603229523 2
1731878578590 0.00433214008808136 3
1731878581882 0.003735573496669531 4
1731878584930 0.003386938478797674 5
1731878587995 0.003008029656484723 6
1731878591366 0.003464828012511134 7
1731878594454 0.002744434168562293 8
1731878597501 0.0026885150000452995 9
1731878600667 0.0023346957750618458 10
1731878603800 0.002596958540380001 11
1731878606988 0.0020814412273466587 12
1731878610056 0.002031336072832346 13
1731878613132 0.001980141969397664 14
1731878616507 0.0020101505797356367 15
1731878619743 0.0019263983704149723 16
1731878622840 0.002019941108301282 17
1731878625880 0.001878050621598959 18
1731878628957 0.0019015107536688447 19
1731878632083 0.001742784515954554 20
1731878635393 0.001664304407313466 21
1731878638524 0.0015338759403675795 22
1731878641647 0.0017375634051859379 23
1731878644765 0.0017218635184690356 24
1731878648124 0.0017108391039073467 25
1731878651275 0.0016041728667914867 26
1731878654325 0.0016640379326418042 27
1731878657364 0.0015588875394314528 28
1731878660595 0.0016819596057757735 29
1731878663696 0.001640167087316513 30
1731878666724 0.0015087878564372659 31
1731878669939 0.0016351689118891954 32
1731878673313 0.001413040910847485 33
1731878676525 0.0015296423807740211 34
1731878679611 0.0015064002946019173 35
1731878682631 0.0013521849177777767 36
1731878685714 0.0015362786361947656 37
1731878688942 0.0015333922347053885 38
1731878691964 0.001465691952034831 39
1731878695023 0.0014107885072007775 40
1731878698098 0.0015189575497061014 41
1731878701339 0.0014205827610567212 42
1731878704410 0.001521384809166193 43
1731878707568 0.0012952988035976887 44
1731878710613 0.0013692989014089108 45
1731878713698 0.001426723669283092 46
1731878716935 0.00137007562443614 47
1731878719985 0.0014426237903535366 48
1731878723018 0.001382160815410316 49
