1731850884243 0.1672181934118271 0
1731850884994 0.16721820831298828 1
1731850885907 0.1672181934118271 2
1731850886621 0.16721820831298828 3
1731850887318 0.16721820831298828 4
1731850888107 0.1672181785106659 5
1731850888857 0.1672181934118271 6
1731850889476 0.1672181934118271 7
1731850890267 0.16721820831298828 8
1731850891351 0.16721822321414948 9
1731850892104 0.1672181934118271 10
1731850892823 0.1672181934118271 11
1731850893840 0.1672181934118271 12
1731850894507 0.16721820831298828 13
1731850895020 0.16721820831298828 14
1731850895656 0.1672181785106659 15
1731850896472 0.1672181934118271 16
1731850897082 0.16721820831298828 17
1731850897860 0.16721822321414948 18
1731850898504 0.16721820831298828 19
1731850899043 0.16721822321414948 20
1731850899785 0.1672181934118271 21
1731850900395 0.1672181934118271 22
1731850900947 0.1672181785106659 23
1731850901568 0.16721820831298828 24
1731850902307 0.16721820831298828 25
1731850902914 0.16721820831298828 26
1731850903764 0.16721820831298828 27
1731850904343 0.16721820831298828 28
1731850904875 0.16721820831298828 29
1731850905407 0.16721820831298828 30
1731850905954 0.16721820831298828 31
1731850906562 0.16721820831298828 32
1731850907107 0.16721820831298828 33
1731850907786 0.1672181934118271 34
1731850908450 0.16721820831298828 35
1731850909024 0.16721820831298828 36
1731850909705 0.16721822321414948 37
1731850910319 0.16721820831298828 38
1731850911038 0.16721820831298828 39
1731850911748 0.16721820831298828 40
1731850912417 0.16721822321414948 41
1731850913121 0.16721820831298828 42
1731850913815 0.1672181934118271 43
1731850914687 0.1672181785106659 44
1731850915295 0.16721820831298828 45
1731850916049 0.1672181934118271 46
1731850916683 0.16721820831298828 47
1731850917266 0.16721822321414948 48
1731850918030 0.1672181934118271 49
