1731859165918 0.052080556750297546 0
1731859166524 0.014642789028584957 1
1731859167015 0.011658912524580956 2
1731859167596 0.0071705179288983345 3
1731859168183 0.005350538529455662 4
1731859168783 0.005271489731967449 5
1731859169372 0.004916625563055277 6
1731859169862 0.004247723147273064 7
1731859170441 0.004306011833250523 8
1731859170975 0.004007450770586729 9
1731859171485 0.004091095644980669 10
1731859171976 0.003670413512736559 11
1731859172557 0.0034314363729208708 12
1731859173048 0.0033251666463911533 13
1731859173558 0.0037673930637538433 14
1731859174040 0.003481449792161584 15
1731859174678 0.0031143517699092627 16
1731859175163 0.0030552223324775696 17
1731859175670 0.0036453059874475002 18
1731859176162 0.003963773138821125 19
1731859176648 0.0030114389955997467 20
1731859177136 0.003120782319456339 21
1731859177719 0.0047249929048120975 22
1731859178230 0.004562550690025091 23
1731859178714 0.0036540303844958544 24
1731859179197 0.003362318268045783 25
1731859179678 0.002864995039999485 26
1731859180193 0.0029715844430029392 27
1731859180688 0.016918374225497246 28
1731859181170 0.004574472084641457 29
1731859181762 0.0032493877224624157 30
1731859182369 0.0029777633026242256 31
1731859182858 0.003005863167345524 32
1731859183345 0.002720307093113661 33
1731859183928 0.002533112419769168 34
1731859184558 0.003306259633973241 35
1731859185065 0.0029252301901578903 36
1731859185553 0.0029193824157118797 37
1731859186047 0.0026500471867620945 38
1731859186625 0.00302079482935369 39
1731859187132 0.002599610947072506 40
1731859187623 0.00268437503837049 41
1731859188104 0.0027399600949138403 42
1731859188694 0.002481409115716815 43
1731859189295 0.002261448884382844 44
1731859189789 0.0034384275786578655 45
1731859190267 0.003487111534923315 46
1731859190753 0.0022821470629423857 47
1731859191228 0.0023460546508431435 48
1731859191766 0.0023245951160788536 49
