1731881740248 0.10086648911237717 0
1731881740720 0.015882045030593872 1
1731881741163 0.007442499976605177 2
1731881741482 0.0038301509339362383 3
1731881741846 0.0037778380792587996 4
1731881742145 0.0033013890497386456 5
1731881742443 0.002826492767781019 6
1731881742866 0.0027694732416421175 7
1731881743190 0.002649059984833002 8
1731881743626 0.002451522508636117 9
1731881743928 0.0025107511319220066 10
1731881744318 0.0023216677363961935 11
1731881744639 0.0020865132100880146 12
1731881744934 0.0020448884461075068 13
1731881745527 0.0019505758536979556 14
1731881745844 0.0018752873875200748 15
1731881746146 0.002060352126136422 16
1731881746447 0.002263106871396303 17
1731881746839 0.0018309539882466197 18
1731881747131 0.0017026568530127406 19
1731881747429 0.0018625565571710467 20
1731881747884 0.0018172849668189883 21
1731881748185 0.0018413329962641 22
1731881748479 0.0018904252210631967 23
1731881748774 0.0017569800838828087 24
1731881749074 0.0022931441199034452 25
1731881749373 0.0016153698088601232 26
1731881749679 0.0016507997643202543 27
1731881749977 0.001547417021356523 28
1731881750312 0.0015211610589176416 29
1731881750613 0.0015638746554031968 30
1731881750933 0.001523445127531886 31
1731881751286 0.0015671850414946675 32
1731881751625 0.0014643744798377156 33
1731881752200 0.0013584538828581572 34
1731881752553 0.0014099765103310347 35
1731881752869 0.0012496119597926736 36
1731881753166 0.001343916286714375 37
1731881753462 0.0013836133293807507 38
1731881753763 0.001324492390267551 39
1731881754062 0.0013155897613614798 40
1731881754360 0.0013524367241188884 41
1731881754678 0.0013694275403395295 42
1731881754986 0.0014145897002890706 43
1731881755403 0.0012221788056194782 44
1731881755713 0.0015045586042106152 45
1731881756019 0.001442399574443698 46
1731881756313 0.0011626858031377196 47
1731881756611 0.0015547627117484808 48
1731881756928 0.001399604487232864 49
