1731872134618 0.030999179929494858 0
1731872136068 0.007018967531621456 1
1731872137717 0.004459992051124573 2
1731872138998 0.00409101415425539 3
1731872140350 0.00460298964753747 4
1731872141995 0.006192322820425034 5
1731872143414 0.0032271482050418854 6
1731872144772 0.0031591185834258795 7
1731872146337 0.0027881653513759375 8
1731872147714 0.0036516741383820772 9
1731872149110 0.0025466301012784243 10
1731872150564 0.0035888473503291607 11
1731872151995 0.0024583947379142046 12
1731872153319 0.0020783834625035524 13
1731872154631 0.002092051552608609 14
1731872156344 0.002616780111566186 15
1731872157712 0.0021905277390033007 16
1731872159155 0.0020193587988615036 17
1731872160644 0.0019209414022043347 18
1731872161964 0.0020870259031653404 19
1731872163272 0.002670528134331107 20
1731872164711 0.002068673260509968 21
1731872166347 0.0018082126043736935 22
1731872167650 0.0018773401388898492 23
1731872168937 0.001799770980142057 24
1731872170320 0.0019096452742815018 25
1731872171660 0.0017407224513590336 26
1731872172976 0.0040448918007314205 27
1731872174350 0.0021016704849898815 28
1731872175700 0.0016517317853868008 29
1731872177125 0.0017337145982310176 30
1731872178453 0.001975873252376914 31
1731872179985 0.0015206837560981512 32
1731872181563 0.0016768504865467548 33
1731872182877 0.0015647534746676683 34
1731872184702 0.0015455280663445592 35
1731872186072 0.0014864837285131216 36
1731872187595 0.001797736156731844 37
1731872189053 0.0015741585521027446 38
1731872190404 0.0017014193581417203 39
1731872191697 0.0014446252025663853 40
1731872193191 0.0014080167748034 41
1731872194642 0.001576147275045514 42
1731872196058 0.00135187862906605 43
1731872197540 0.0015458260895684361 44
1731872199442 0.0014965618029236794 45
1731872200833 0.0014744340442121029 46
1731872203288 0.0016262775752693415 47
1731872204825 0.001463420339860022 48
1731872206425 0.0013199064414948225 49
