1731854102174 0.1386372148990631 0
1731854102824 0.09259645640850067 1
1731854103497 0.0876251831650734 2
1731854104010 0.06845775246620178 3
1731854104523 0.06953853368759155 4
1731854105039 0.06173228099942207 5
1731854105568 0.061043474823236465 6
1731854106079 0.05933155491948128 7
1731854106590 0.05867850407958031 8
1731854107107 0.057192329317331314 9
1731854107615 0.05923279747366905 10
1731854108141 0.07616845518350601 11
1731854108657 0.05529765784740448 12
1731854109173 0.06376510113477707 13
1731854109684 0.05510919541120529 14
1731854110212 0.05916716903448105 15
1731854110712 0.05732538178563118 16
1731854111207 0.05533870309591293 17
1731854111718 0.05437791347503662 18
1731854112234 0.057167403399944305 19
1731854112767 0.057036321610212326 20
1731854113404 0.05641522258520126 21
1731854113920 0.06021500006318092 22
1731854114430 0.059547826647758484 23
1731854114960 0.0537833496928215 24
1731854115473 0.05686965212225914 25
1731854115985 0.058063726872205734 26
1731854116494 0.05959826707839966 27
1731854117023 0.06305237114429474 28
1731854117535 0.060547422617673874 29
1731854118057 0.06392223387956619 30
1731854118570 0.05809773504734039 31
1731854119092 0.057509809732437134 32
1731854119608 0.055321551859378815 33
1731854120128 0.056609299033880234 34
1731854120638 0.05643974617123604 35
1731854121146 0.05709897354245186 36
1731854121679 0.05676659569144249 37
1731854122187 0.05718180909752846 38
1731854122703 0.05744883045554161 39
1731854123219 0.06079847738146782 40
1731854123864 0.06133899837732315 41
1731854124417 0.056253861635923386 42
1731854124934 0.05617215484380722 43
1731854125440 0.05841508507728577 44
1731854125927 0.05497290566563606 45
1731854126462 0.0539979562163353 46
1731854126971 0.058895982801914215 47
1731854127458 0.05472312495112419 48
1731854127969 0.05812787637114525 49
