1731875639323 0.0173784289509058 0
1731875639988 0.003117965068668127 1
1731875640662 0.002681405982002616 2
1731875641220 0.0026351716369390488 3
1731875641901 0.0024915318936109543 4
1731875642461 0.0018713345052674413 5
1731875643154 0.0022367530036717653 6
1731875643809 0.002319223713129759 7
1731875644414 0.00196286803111434 8
1731875644964 0.002272521611303091 9
1731875645785 0.002152876928448677 10
1731875646421 0.001935802516527474 11
1731875646982 0.001856350339949131 12
1731875647548 0.0016103143570944667 13
1731875648108 0.0017514120554551482 14
1731875648702 0.0016001012409105897 15
1731875649256 0.001726360758766532 16
1731875649855 0.0014617998385801911 17
1731875650413 0.0018123212503269315 18
1731875651009 0.0014717421727254987 19
1731875651568 0.0019420282915234566 20
1731875652129 0.0015841200947761536 21
1731875652734 0.0017364548984915018 22
1731875653325 0.001707474235445261 23
1731875653890 0.0015178355388343334 24
1731875654454 0.0014394951285794377 25
1731875655060 0.0014314717845991254 26
1731875655750 0.0015990578103810549 27
1731875656354 0.0015282658860087395 28
1731875657099 0.0015649445122107863 29
1731875657780 0.0014902089023962617 30
1731875658434 0.001546395244076848 31
1731875659047 0.0013278307160362601 32
1731875659611 0.0014873904874548316 33
1731875660197 0.001367890159599483 34
1731875660744 0.001306192367337644 35
1731875661293 0.0014822423690930009 36
1731875661854 0.0013158218935132027 37
1731875662440 0.00154071522410959 38
1731875663003 0.0014464047271758318 39
1731875663622 0.001344342716038227 40
1731875664181 0.001223282073624432 41
1731875664952 0.0013792101526632905 42
1731875665501 0.0012255047913640738 43
1731875666054 0.001325377612374723 44
1731875666720 0.0014513008063659072 45
1731875667304 0.0011744835646823049 46
1731875667906 0.0013551261508837342 47
1731875668460 0.001434785663150251 48
1731875669007 0.0013637386728078127 49
