1731880795259 0.04496162384748459 0
1731880795871 0.012638800777494907 1
1731880796485 0.009095851331949234 2
1731880797066 0.007201080210506916 3
1731880797522 0.006217088550329208 4
1731880798014 0.004758378025144339 5
1731880798447 0.005550393834710121 6
1731880798916 0.004673910792917013 7
1731880799478 0.004518366884440184 8
1731880800077 0.0050788200460374355 9
1731880800534 0.003287376370280981 10
1731880800975 0.003492322750389576 11
1731880801401 0.0029534813947975636 12
1731880801834 0.003766041249036789 13
1731880802583 0.002968491753563285 14
1731880803018 0.0025099602062255144 15
1731880803447 0.003455477301031351 16
1731880803883 0.0034328345209360123 17
1731880804311 0.0024756663478910923 18
1731880804765 0.002393062924966216 19
1731880805311 0.0028257339727133512 20
1731880805751 0.002939218422397971 21
1731880806180 0.0024378104135394096 22
1731880806617 0.002676416654139757 23
1731880807077 0.002602512249723077 24
1731880807642 0.0027747752610594034 25
1731880808074 0.0023541224654763937 26
1731880808499 0.0026380151975899935 27
1731880808935 0.0019102223450317979 28
1731880809395 0.0028004213236272335 29
1731880809839 0.00263516535051167 30
1731880810273 0.0022074314765632153 31
1731880810703 0.002092675305902958 32
1731880811130 0.002357892459258437 33
1731880811589 0.0023816400207579136 34
1731880812033 0.0021001414861530066 35
1731880812773 0.002531860489398241 36
1731880813209 0.0016586423153057694 37
1731880813639 0.0024705776013433933 38
1731880814097 0.0024665440432727337 39
1731880814672 0.0015988163650035858 40
1731880815503 0.001936795306392014 41
1731880815936 0.0017855374608188868 42
1731880816408 0.0019843250047415495 43
1731880816870 0.0015740498201921582 44
1731880817302 0.0027167752850800753 45
1731880817730 0.0020493529736995697 46
1731880818156 0.001949689001776278 47
1731880818613 0.0019101900979876518 48
1731880819047 0.0019236801890656352 49
