1731891885650 0.02317820116877556 0
1731891887096 0.008179276250302792 1
1731891888566 0.006166454404592514 2
1731891889963 0.003986188676208258 3
1731891891292 0.0039034003857523203 4
1731891892756 0.0036871647462248802 5
1731891894079 0.0024493341334164143 6
1731891895401 0.005056207068264484 7
1731891896714 0.002222422743216157 8
1731891898042 0.0032372132409363985 9
1731891899439 0.0023208274506032467 10
1731891900760 0.002840320346876979 11
1731891902056 0.0018991889664903283 12
1731891903384 0.0022590910084545612 13
1731891904779 0.002315846271812916 14
1731891906110 0.0022860895842313766 15
1731891907612 0.0018421411514282227 16
1731891909024 0.002154461108148098 17
1731891910449 0.0018341309623792768 18
1731891911858 0.0022557037882506847 19
1731891913181 0.0023614519741386175 20
1731891914510 0.0018950619269162416 21
1731891915957 0.0018209385452792048 22
1731891917295 0.0017299995524808764 23
1731891918701 0.001678601955063641 24
1731891920043 0.00188608025200665 25
1731891921547 0.0015649998094886541 26
1731891923032 0.0017441929085180163 27
1731891924379 0.0017150292405858636 28
1731891925692 0.0019229643512517214 29
1731891927140 0.0017246954375877976 30
1731891928426 0.0015000294661149383 31
1731891929764 0.0016145207919180393 32
1731891931104 0.0017030138988047838 33
1731891932456 0.0015176190063357353 34
1731891933885 0.001590743544511497 35
1731891935219 0.0014381976798176765 36
1731891936857 0.0015787766315042973 37
1731891938190 0.001374986139126122 38
1731891939512 0.0014557265676558018 39
1731891940845 0.0014896562788635492 40
1731891942157 0.0013038298347964883 41
1731891943441 0.0014982157154008746 42
1731891944843 0.001480488688685 43
1731891946178 0.0015676479088142514 44
1731891947615 0.0015785848954692483 45
1731891948912 0.0014776344178244472 46
1731891950245 0.0014340067282319069 47
1731891951769 0.0014199193101376295 48
1731891953092 0.0011610172223299742 49
