1731872292290 0.03370867669582367 0
1731872293603 0.011944402009248734 1
1731872294765 0.040188103914260864 2
1731872295904 0.01585344225168228 3
1731872296992 0.00712904566898942 4
1731872298049 0.005716351326555014 5
1731872299221 0.0074969809502363205 6
1731872300563 0.00452962052077055 7
1731872301625 0.004420896992087364 8
1731872302718 0.0032458133064210415 9
1731872303836 0.0032615135423839092 10
1731872304916 0.004017819184809923 11
1731872306140 0.004238215275108814 12
1731872307390 0.0030088000930845737 13
1731872308612 0.0029848699923604727 14
1731872309939 0.0030084368772804737 15
1731872311183 0.003033872228115797 16
1731872312333 0.0026451305020600557 17
1731872313697 0.003081032307818532 18
1731872314765 0.002625661436468363 19
1731872315822 0.0026579778641462326 20
1731872317041 0.002548800315707922 21
1731872318122 0.0026330864056944847 22
1731872319204 0.0037296307273209095 23
1731872320249 0.002762934658676386 24
1731872321486 0.002322936663404107 25
1731872322564 0.002449036343023181 26
1731872323779 0.002455764915794134 27
1731872325050 0.002933924552053213 28
1731872326407 0.002735336311161518 29
1731872327594 0.002357710152864456 30
1731872329162 0.002218055073171854 31
1731872330436 0.0021481525618582964 32
1731872331834 0.002125223632901907 33
1731872333125 0.002155016642063856 34
1731872335003 0.002153258305042982 35
1731872336437 0.002378177596256137 36
1731872338278 0.0027985491324216127 37
1731872339704 0.002655518241226673 38
1731872341083 0.0023692427203059196 39
1731872342524 0.002175429603084922 40
1731872343742 0.0023335313890129328 41
1731872344990 0.0023841303773224354 42
1731872346102 0.0021230760030448437 43
1731872347470 0.0024742730893194675 44
1731872348868 0.001974596409127116 45
1731872349986 0.0020312871783971786 46
1731872351262 0.002070555929094553 47
1731872352439 0.001845832564868033 48
1731872353803 0.0017518438398838043 49
