1731869396140 0.054165709763765335 0
1731869397262 0.01529725268483162 1
1731869398428 0.009407264180481434 2
1731869399482 0.007059057708829641 3
1731869400668 0.004199706483632326 4
1731869401732 0.0056530786678195 5
1731869402905 0.0048075891099870205 6
1731869404014 0.003624917706474662 7
1731869404977 0.0023972983472049236 8
1731869405990 0.002541996305808425 9
1731869407014 0.002842447254806757 10
1731869408089 0.00273057515732944 11
1731869409187 0.005262891296297312 12
1731869410193 0.0061028022319078445 13
1731869411209 0.0023675847332924604 14
1731869412228 0.002330088522285223 15
1731869413278 0.0024432616773992777 16
1731869414559 0.003159711603075266 17
1731869415589 0.0036516792606562376 18
1731869416568 0.002308935159817338 19
1731869417617 0.002094973810017109 20
1731869418654 0.0025029685348272324 21
1731869419657 0.002849898999556899 22
1731869420681 0.002065972425043583 23
1731869421757 0.0018410743214190006 24
1731869422838 0.001784913707524538 25
1731869423951 0.0018935366533696651 26
1731869425141 0.0017933784984052181 27
1731869426136 0.0014588121557608247 28
1731869427226 0.0014855971094220877 29
1731869428271 0.0018657835898920894 30
1731869429265 0.0015709141734987497 31
1731869430344 0.0014646067284047604 32
1731869431409 0.0017535070655867457 33
1731869432471 0.002115814480930567 34
1731869433599 0.0015543322078883648 35
1731869434593 0.0015387533931061625 36
1731869435733 0.0019686275627464056 37
1731869436725 0.0018534018890932202 38
1731869437979 0.0020151366479694843 39
1731869439084 0.0014665505150333047 40
1731869440281 0.0014770012348890305 41
1731869441279 0.0014356346800923347 42
1731869442342 0.0014049469027668238 43
1731869443350 0.0014019396621733904 44
1731869444343 0.001369076780974865 45
1731869445416 0.0013072298606857657 46
1731869446423 0.002007758244872093 47
1731869447604 0.0016389547381550074 48
1731869448773 0.0012345024151727557 49
