1731876722769 0.022642098367214203 0
1731876723837 0.0038411300629377365 1
1731876725002 0.0026367665268480778 2
1731876725976 0.002624833956360817 3
1731876727219 0.002205675235018134 4
1731876728182 0.002324378117918968 5
1731876729245 0.0020439603831619024 6
1731876730224 0.0022708314936608076 7
1731876731299 0.0018819001270458102 8
1731876732389 0.0019195046043023467 9
1731876733337 0.0019013547571375966 10
1731876734423 0.001614912529475987 11
1731876735484 0.0018789037130773067 12
1731876736463 0.0019246129086241126 13
1731876737411 0.0020778768230229616 14
1731876738526 0.0016259048134088516 15
1731876739506 0.0015022990992292762 16
1731876740448 0.0012784303398802876 17
1731876741536 0.001435495330952108 18
1731876742621 0.0014951941557228565 19
1731876743606 0.0013356650015339255 20
1731876744551 0.0012485828483477235 21
1731876745497 0.001388467731885612 22
1731876746482 0.00158034753985703 23
1731876747455 0.001332112355157733 24
1731876748562 0.0014580757124349475 25
1731876749519 0.0013114159228280187 26
1731876750657 0.0011963264551013708 27
1731876751612 0.0011176561238244176 28
1731876752596 0.0012801880948245525 29
1731876753769 0.001246682251803577 30
1731876754732 0.0012132520787417889 31
1731876755716 0.001447897171601653 32
1731876756662 0.0011967122554779053 33
1731876757635 0.001673607504926622 34
1731876758708 0.0010583651019260287 35
1731876759739 0.0011374818859621882 36
1731876760807 0.0011005207197740674 37
1731876762067 0.0010905644157901406 38
1731876763026 0.0010981812374666333 39
1731876763991 0.001093398779630661 40
1731876765001 0.0011004703119397163 41
1731876765954 0.001186795998364687 42
1731876766937 0.001047346624545753 43
1731876767893 0.001057150773704052 44
1731876768862 0.001595444162376225 45
1731876769822 0.0010551762534305453 46
1731876770883 0.0010537143098190427 47
1731876771859 0.0008992516668513417 48
1731876772811 0.0009732202161103487 49
