1731880117118 0.039536550641059875 0
1731880117697 0.004590400494635105 1
1731880118263 0.0044202799908816814 2
1731880118764 0.0031577213667333126 3
1731880119432 0.0026205279864370823 4
1731880119909 0.0026221321895718575 5
1731880120365 0.002740604104474187 6
1731880120954 0.0027684669476002455 7
1731880121431 0.002931696129962802 8
1731880121905 0.002921752631664276 9
1731880122364 0.0023293280974030495 10
1731880123106 0.002155495109036565 11
1731880123577 0.0021225265227258205 12
1731880123989 0.0024294420145452023 13
1731880124584 0.001840590382926166 14
1731880125029 0.001880360534414649 15
1731880125479 0.0018685937393456697 16
1731880126103 0.0025502280332148075 17
1731880126567 0.0016752544324845076 18
1731880127147 0.0018005284946411848 19
1731880127598 0.0015186489326879382 20
1731880128059 0.0017945313593372703 21
1731880128665 0.0016481865895912051 22
1731880129284 0.0016490630805492401 23
1731880129731 0.001553247100673616 24
1731880130181 0.0015452554216608405 25
1731880131000 0.0012636728351935744 26
1731880131592 0.0018606844823807478 27
1731880132046 0.0013274118537083268 28
1731880132496 0.0016555993352085352 29
1731880132943 0.002009306801483035 30
1731880133558 0.0023759545292705297 31
1731880134008 0.002639420097693801 32
1731880134604 0.0014157900586724281 33
1731880135050 0.0014032478211447597 34
1731880135502 0.0012661798391491175 35
1731880136150 0.0014822289813309908 36
1731880136613 0.0012926780618727207 37
1731880137061 0.0016327127814292908 38
1731880137510 0.001718343934044242 39
1731880137980 0.0011663861805573106 40
1731880138742 0.001186008914373815 41
1731880139229 0.0011707248631864786 42
1731880139707 0.001218929304741323 43
1731880140325 0.001068916404619813 44
1731880140776 0.0011326178209856153 45
1731880141226 0.0012086955830454826 46
1731880141672 0.001181581523269415 47
1731880142120 0.0013096121838316321 48
1731880142592 0.0015471451915800571 49
