1731809473642 0.04818209260702133 0
1731809474706 0.024943040683865547 1
1731809475973 0.018549632281064987 2
1731809477318 0.012732050381600857 3
1731809478910 0.00841884221881628 4
1731809480190 0.00502653606235981 5
1731809481789 0.0029181698337197304 6
1731809482912 0.0016071698628365993 7
1731809484783 0.0009849986527115107 8
1731809485897 0.0007065244717523456 9
1731809487379 0.0006005649920552969 10
1731809488457 0.0005848750588484108 11
1731809489501 0.0005746413953602314 12
1731809490545 0.0005686749354936182 13
1731809491762 0.0005664287600666285 14
1731809492894 0.0005624397890642285 15
1731809494252 0.0005600709118880332 16
1731809495318 0.0005634631961584091 17
1731809496667 0.0005619963048957288 18
1731809497855 0.0005547516630031168 19
1731809498831 0.000567729992326349 20
1731809499830 0.0005613819812424481 21
1731809500989 0.000562699104193598 22
1731809501998 0.000555465929210186 23
1731809503089 0.0005621017189696431 24
1731809504209 0.0005622281460091472 25
1731809505295 0.000553762773051858 26
1731809506494 0.0005602895398624241 27
1731809507662 0.0005532105569727719 28
1731809508894 0.0005544590530917048 29
1731809510802 0.0005527625326067209 30
1731809511812 0.0005560158751904964 31
1731809512881 0.0005566313629969954 32
1731809513901 0.000554396421648562 33
1731809514950 0.0005484806024469435 34
1731809515955 0.0005561427096836269 35
1731809517010 0.0005538632976822555 36
1731809518187 0.0005534213269129395 37
1731809519233 0.0005515804514288902 38
1731809520267 0.0005416400381363928 39
1731809521278 0.0005573873058892787 40
1731809522334 0.0005345449317246675 41
1731809523347 0.0005464292480610311 42
1731809524406 0.0005515780649147928 43
1731809525438 0.0005499206599779427 44
1731809526496 0.0005462510162033141 45
1731809527531 0.0005437333602458239 46
1731809528748 0.0005459865205921233 47
1731809529751 0.0005512728239409626 48
1731809530802 0.0005449135787785053 49
1731809531828 0.0005456100916489959 50
1731809532845 0.000541285437066108 51
1731809533894 0.0005488493479788303 52
1731809535041 0.0005515650846064091 53
1731809536122 0.0005430277669802308 54
1731809537143 0.0005379870417527854 55
1731809538172 0.0005450252210721374 56
1731809539185 0.000546775059774518 57
1731809540264 0.0005458297673612833 58
1731809541279 0.0005411498714238405 59
1731809542330 0.0005441645625978708 60
1731809543372 0.0005460726679302752 61
1731809544595 0.0005382959498092532 62
1731809545625 0.0005417250213213265 63
1731809546807 0.0005436107749119401 64
1731809547831 0.0005476819351315498 65
1731809548858 0.0005321789067238569 66
1731809549897 0.0005405801930464804 67
1731809550949 0.0005444559501484036 68
1731809551998 0.0005441716639325023 69
1731809553021 0.0005336544709280133 70
1731809554212 0.0005438614753074944 71
1731809555257 0.0005406084819696844 72
1731809556299 0.0005388610297814012 73
1731809557329 0.0005392942694015801 74
1731809558353 0.0005246460204944015 75
1731809559381 0.0005417983047664165 76
1731809560408 0.0005370658473111689 77
1731809561463 0.0005447054281830788 78
1731809562460 0.0005240142927505076 79
1731809563676 0.0005435720668174326 80
1731809564727 0.0005292176501825452 81
1731809565768 0.0005382312228903174 82
1731809566760 0.0005418520304374397 83
1731809567820 0.0005392743623815477 84
1731809568844 0.0005375998443923891 85
1731809569888 0.0005394506733864546 86
1731809570921 0.0005379545036703348 87
1731809572104 0.0005367581616155803 88
1731809573155 0.0005388236022554338 89
1731809574172 0.0005392340826801956 90
1731809575204 0.0005353286978788674 91
1731809576238 0.0005405810661613941 92
1731809577294 0.000534360995516181 93
1731809578312 0.0005358649068512022 94
1731809579510 0.0005391854210756719 95
1731809580541 0.0005297093302942812 96
1731809581560 0.0005324988160282373 97
1731809582586 0.0005248247762210667 98
1731809583610 0.0005407555145211518 99
