1731850939817 0.18692097067832947 0
1731850940551 0.18665647506713867 1
1731850942034 0.18639284372329712 2
1731850942682 0.18613463640213013 3
1731850943340 0.1858798861503601 4
1731850944084 0.18562157452106476 5
1731850944815 0.18537689745426178 6
1731850945555 0.1851312220096588 7
1731850946675 0.18489040434360504 8
1731850947394 0.18464989960193634 9
1731850948240 0.18441426753997803 10
1731850948849 0.1841847151517868 11
1731850949518 0.18395386636257172 12
1731850950205 0.18372417986392975 13
1731850950854 0.18350155651569366 14
1731850951449 0.18328580260276794 15
1731850952039 0.1830693781375885 16
1731850952660 0.1828516721725464 17
1731850953497 0.18263965845108032 18
1731850954116 0.18243063986301422 19
1731850954895 0.18222743272781372 20
1731850955599 0.18202757835388184 21
1731850956292 0.1818264275789261 22
1731850956965 0.18162547051906586 23
1731850957697 0.18143269419670105 24
1731850958376 0.18123863637447357 25
1731850959127 0.18105332553386688 26
1731850959797 0.18086686730384827 27
1731850960538 0.1806802898645401 28
1731850961160 0.18049655854701996 29
1731850961784 0.18031932413578033 30
1731850962466 0.18014343082904816 31
1731850963146 0.17996615171432495 32
1731850963993 0.1797957569360733 33
1731850964771 0.179623544216156 34
1731850965613 0.17945747077465057 35
1731850966287 0.17929260432720184 36
1731850966875 0.17912715673446655 37
1731850967499 0.17896781861782074 38
1731850968149 0.17880934476852417 39
1731850969065 0.17865413427352905 40
1731850969758 0.17849794030189514 41
1731850970392 0.17834758758544922 42
1731850971030 0.17819616198539734 43
1731850971737 0.1780465543270111 44
1731850972541 0.17790213227272034 45
1731850973125 0.17775551974773407 46
1731850973791 0.17761407792568207 47
1731850974518 0.17747429013252258 48
1731850975207 0.17733465135097504 49
