1731876455658 0.017878342419862747 0
1731876458677 0.005117952823638916 1
1731876461697 0.0041265892796218395 2
1731876464628 0.004640521947294474 3
1731876467779 0.0023759189061820507 4
1731876470840 0.0031831550877541304 5
1731876473814 0.002506670542061329 6
1731876476819 0.0018836348317563534 7
1731876479992 0.002141004428267479 8
1731876482981 0.0024211977142840624 9
1731876485895 0.0018666221294552088 10
1731876488839 0.0021478976123034954 11
1731876491852 0.0019837755244225264 12
1731876494980 0.0019649453461170197 13
1731876497911 0.0019119044300168753 14
1731876500822 0.001565941027365625 15
1731876503794 0.0017372060101479292 16
1731876506686 0.0018244882812723517 17
1731876509807 0.0017841423396021128 18
1731876513040 0.0014600266003981233 19
1731876516132 0.0015567654045298696 20
1731876519075 0.001458138576708734 21
1731876522193 0.0014932298799976707 22
1731876525140 0.0015523191541433334 23
1731876528088 0.0016454786527901888 24
1731876530993 0.001514605712145567 25
1731876533860 0.001463911379687488 26
1731876536936 0.001305082580074668 27
1731876539856 0.0014513798523694277 28
1731876542807 0.0013952587032690644 29
1731876545667 0.0013920364435762167 30
1731876548914 0.0015130541287362576 31
1731876551829 0.0015103328041732311 32
1731876554913 0.001476903329603374 33
1731876557841 0.0013676189118996263 34
1731876560801 0.0013809010852128267 35
1731876563916 0.0014940156834200025 36
1731876566826 0.0014601830625906587 37
1731876569757 0.0014294048305600882 38
1731876572720 0.0012574881548061967 39
1731876575933 0.0013302589068189263 40
1731876578869 0.0012590953847393394 41
1731876581793 0.0012434730306267738 42
1731876584735 0.0013455855660140514 43
1731876587651 0.0012532711261883378 44
1731876590953 0.0012685840483754873 45
1731876594020 0.001246738014742732 46
1731876596882 0.0012150362599641085 47
1731876599835 0.0013818310108035803 48
1731876602962 0.0011754569131880999 49
