1731853680002 0.22718042135238647 0
1731853680617 0.22632433474063873 1
1731853681212 0.22549431025981903 2
1731853681818 0.22466902434825897 3
1731853682421 0.223858043551445 4
1731853683018 0.22303654253482819 5
1731853683759 0.22226697206497192 6
1731853684374 0.22147893905639648 7
1731853684982 0.2207210659980774 8
1731853685584 0.21996177732944489 9
1731853686181 0.21920783817768097 10
1731853686794 0.2184239625930786 11
1731853687492 0.2177412062883377 12
1731853688095 0.21702048182487488 13
1731853688690 0.21631309390068054 14
1731853689307 0.215626060962677 15
1731853689893 0.21493090689182281 16
1731853690511 0.21425890922546387 17
1731853691106 0.21359340846538544 18
1731853691897 0.21292799711227417 19
1731853692489 0.21228356659412384 20
1731853693084 0.2116316705942154 21
1731853693682 0.21099963784217834 22
1731853694303 0.21038398146629333 23
1731853694870 0.2097696214914322 24
1731853695633 0.2091652750968933 25
1731853696232 0.20856265723705292 26
1731853696862 0.20797637104988098 27
1731853697453 0.2073904275894165 28
1731853698048 0.20681637525558472 29
1731853698666 0.20625780522823334 30
1731853699262 0.20570145547389984 31
1731853699987 0.20514705777168274 32
1731853700603 0.20460301637649536 33
1731853701215 0.20406807959079742 34
1731853701949 0.20354457199573517 35
1731853702544 0.20302769541740417 36
1731853703142 0.2025119811296463 37
1731853703916 0.2020123302936554 38
1731853704483 0.2015116959810257 39
1731853705086 0.20102035999298096 40
1731853705704 0.20053811371326447 41
1731853706476 0.20005173981189728 42
1731853707122 0.199588343501091 43
1731853707770 0.199119433760643 44
1731853708502 0.19866377115249634 45
1731853709098 0.19821281731128693 46
1731853709712 0.19776810705661774 47
1731853710467 0.19732323288917542 48
1731853711073 0.19689585268497467 49
