1731852001548 0.05319579690694809 0
1731852002338 0.006631390657275915 1
1731852003188 0.003869484644383192 2
1731852003938 0.003011618508026004 3
1731852004562 0.0026750534307211637 4
1731852005133 0.0021268357522785664 5
1731852005668 0.0021311412565410137 6
1731852006197 0.0022640323732048273 7
1731852006733 0.0024300948716700077 8
1731852007424 0.002320181578397751 9
1731852008077 0.006100007798522711 10
1731852008737 0.0028410295490175486 11
1731852009462 0.002870536409318447 12
1731852010219 0.0030154534615576267 13
1731852010893 0.0017745032673701644 14
1731852011447 0.0015474585816264153 15
1731852012073 0.00206848606467247 16
1731852012732 0.0032150126062333584 17
1731852013279 0.004868132062256336 18
1731852013948 0.0018744338303804398 19
1731852014496 0.0015610645059496164 20
1731852015066 0.0022522970102727413 21
1731852015650 0.0017958354437723756 22
1731852016291 0.0015593362040817738 23
1731852016826 0.00195581978186965 24
1731852017344 0.002462092088535428 25
1731852018039 0.0019203249830752611 26
1731852018578 0.001709308591671288 27
1731852019115 0.001926805591210723 28
1731852019701 0.001707580522634089 29
1731852020399 0.0014948142925277352 30
1731852021100 0.001238306169398129 31
1731852021741 0.0015899051213636994 32
1731852022277 0.0013108544517308474 33
1731852022838 0.0013766686897724867 34
1731852023461 0.0014886977151036263 35
1731852024061 0.0015185805968940258 36
1731852024635 0.001960851950570941 37
1731852025207 0.0024658532347530127 38
1731852025854 0.0014906196156516671 39
1731852026424 0.0014729378744959831 40
1731852027013 0.0013169468147680163 41
1731852027630 0.0013608301524072886 42
1731852028311 0.0012748469598591328 43
1731852028910 0.0011165542528033257 44
1731852029441 0.0011012089671567082 45
1731852030145 0.0013058750191703439 46
1731852030658 0.0014760686317458749 47
1731852031206 0.0013023937353864312 48
1731852031743 0.0011252263793721795 49
