1731868077274 0.05071349814534187 0
1731868078132 0.025471821427345276 1
1731868079050 0.013687469065189362 2
1731868079888 0.021780436858534813 3
1731868080614 0.016798948869109154 4
1731868081465 0.00627596490085125 5
1731868082436 0.0067156655713915825 6
1731868083317 0.0041267722845077515 7
1731868084092 0.004211704712361097 8
1731868085150 0.0038485706318169832 9
1731868085833 0.003528004512190819 10
1731868086555 0.003669936675578356 11
1731868087420 0.0034728723112493753 12
1731868088124 0.0032015691976994276 13
1731868088867 0.003260587342083454 14
1731868089680 0.0027179208118468523 15
1731868090478 0.0028774989768862724 16
1731868091073 0.0029639408458024263 17
1731868091723 0.0031972352880984545 18
1731868092294 0.0025630840100347996 19
1731868093028 0.002703436417505145 20
1731868093593 0.0024068246129900217 21
1731868094242 0.0026520765386521816 22
1731868094856 0.0025293242651969194 23
1731868095647 0.002463017823174596 24
1731868096235 0.002266144845634699 25
1731868096844 0.002795021515339613 26
1731868097706 0.002768361708149314 27
1731868098561 0.0021688155829906464 28
1731868099266 0.0020370115526020527 29
1731868099792 0.002168944338336587 30
1731868100363 0.0020996956154704094 31
1731868101114 0.0029048381838947535 32
1731868101683 0.0029550252947956324 33
1731868102248 0.0020608333870768547 34
1731868102878 0.001988368108868599 35
1731868103495 0.0018977700965479016 36
1731868104058 0.002358068712055683 37
1731868104674 0.0025038348976522684 38
1731868105290 0.00208197976462543 39
1731868105937 0.002093179849907756 40
1731868106613 0.0019309225026518106 41
1731868107590 0.0017619816353544593 42
1731868108285 0.0017926252912729979 43
1731868108821 0.0016774098621681333 44
1731868109424 0.0015684247482568026 45
1731868109961 0.0017347462708130479 46
1731868110672 0.0016012315172702074 47
1731868111237 0.0017001808155328035 48
1731868111845 0.001644279109314084 49
