1731881111156 0.035263631492853165 0
1731881111713 0.012166864238679409 1
1731881112243 0.008707745000720024 2
1731881112644 0.009936043061316013 3
1731881113049 0.010999058373272419 4
1731881113446 0.005097019486129284 5
1731881114002 0.0063631669618189335 6
1731881114423 0.006279277615249157 7
1731881114945 0.004887498449534178 8
1731881115381 0.00685340678319335 9
1731881115908 0.004897153936326504 10
1731881116348 0.005403593648225069 11
1731881117012 0.0037947555538266897 12
1731881117536 0.00382211827673018 13
1731881117951 0.0039816866628825665 14
1731881118371 0.004249883349984884 15
1731881118787 0.00422484939917922 16
1731881119296 0.0033569589722901583 17
1731881119703 0.0033582737669348717 18
1731881120102 0.0036948234774172306 19
1731881120501 0.003658953821286559 20
1731881120923 0.0032498128712177277 21
1731881121323 0.0027231029234826565 22
1731881121852 0.003158539067953825 23
1731881122261 0.0028249092865735292 24
1731881122672 0.0032650805078446865 25
1731881123108 0.00328822317533195 26
1731881123518 0.00253305584192276 27
1731881123926 0.002376589458435774 28
1731881124326 0.002555940533056855 29
1731881124997 0.0021006243769079447 30
1731881125468 0.003003379562869668 31
1731881125872 0.002605368848890066 32
1731881126266 0.0022041690535843372 33
1731881126669 0.0020311654079705477 34
1731881127076 0.002205400262027979 35
1731881127475 0.002535205101594329 36
1731881127904 0.0021879638079553843 37
1731881128309 0.002019957173615694 38
1731881128834 0.0027676657773554325 39
1731881129242 0.0019255038350820541 40
1731881129645 0.0020861963275820017 41
1731881130072 0.0024204303044825792 42
1731881130606 0.0018138419836759567 43
1731881131010 0.0022721358109265566 44
1731881131414 0.0021430666092783213 45
1731881131818 0.0022812236566096544 46
1731881132248 0.002139835385605693 47
1731881132968 0.0018011966021731496 48
1731881133422 0.00194474624004215 49
