1731881828089 0.04544950649142265 0
1731881829214 0.004296189174056053 1
1731881830348 0.011807012371718884 2
1731881831497 0.0063658482395112514 3
1731881832455 0.0022854942362755537 4
1731881833431 0.0019210978643968701 5
1731881834378 0.001982134534046054 6
1731881835476 0.0018460135906934738 7
1731881836462 0.0016789615619927645 8
1731881837731 0.0015411929925903678 9
1731881838739 0.0016011790139600635 10
1731881839700 0.0014605674659833312 11
1731881840686 0.002019202336668968 12
1731881841648 0.002013707533478737 13
1731881842612 0.0013325073523446918 14
1731881843592 0.0013847153168171644 15
1731881844542 0.0015654049348086119 16
1731881845688 0.001322330441325903 17
1731881846791 0.0013240724802017212 18
1731881847832 0.0012172502465546131 19
1731881849133 0.0012178485048934817 20
1731881850151 0.001427438692189753 21
1731881851164 0.0013543966924771667 22
1731881852259 0.0014240654418244958 23
1731881853387 0.0013992968015372753 24
1731881854565 0.0012653917074203491 25
1731881855698 0.00127895746845752 26
1731881856853 0.0012013139203190804 27
1731881857957 0.001103342161513865 28
1731881859033 0.0013323341263458133 29
1731881860061 0.0021042220760136843 30
1731881861229 0.001551873399876058 31
1731881862255 0.001223806175403297 32
1731881863274 0.0012379029067233205 33
1731881864366 0.001186286099255085 34
1731881865713 0.0011947123566642404 35
1731881866760 0.001310287625528872 36
1731881867786 0.0014170038048177958 37
1731881868783 0.001135510508902371 38
1731881869861 0.0011177448322996497 39
1731881870939 0.0010461451020091772 40
1731881872163 0.0010688678594306111 41
1731881873195 0.0010310682700946927 42
1731881874397 0.0010861385380849242 43
1731881875444 0.001407560775987804 44
1731881876458 0.00128361233510077 45
1731881877800 0.0010604847921058536 46
1731881878862 0.001089778495952487 47
1731881879902 0.0011810704600065947 48
1731881880922 0.0010220316471531987 49
