1731880759313 0.045226313173770905 0
1731880759734 0.011819184757769108 1
1731880760113 0.007858115248382092 2
1731880760381 0.006397566758096218 3
1731880760773 0.0065015447326004505 4
1731880761043 0.005600880365818739 5
1731880761427 0.00446653924882412 6
1731880761716 0.0038667107000947 7
1731880761983 0.004750190768390894 8
1731880762253 0.004015582613646984 9
1731880762519 0.003439886961132288 10
1731880762788 0.003929742146283388 11
1731880763180 0.0037734094075858593 12
1731880763448 0.003056222340092063 13
1731880763723 0.0031919884495437145 14
1731880764016 0.002629576250910759 15
1731880764287 0.0034846055787056684 16
1731880764553 0.0032636334653943777 17
1731880764817 0.0026335446164011955 18
1731880765087 0.002795832697302103 19
1731880765620 0.0031647803261876106 20
1731880765888 0.0023609299678355455 21
1731880766175 0.003128048963844776 22
1731880766580 0.0024491497315466404 23
1731880766950 0.0029994980432093143 24
1731880767220 0.0026842723600566387 25
1731880767488 0.002080184407532215 26
1731880767765 0.002666675951331854 27
1731880768033 0.0024150083772838116 28
1731880768304 0.00292167067527771 29
1731880768599 0.0025611126329749823 30
1731880768869 0.002707306295633316 31
1731880769140 0.002325918059796095 32
1731880769409 0.0024179343599826097 33
1731880769682 0.002532617188990116 34
1731880769949 0.002649107249453664 35
1731880770215 0.0016690779011696577 36
1731880770484 0.002504382049664855 37
1731880770777 0.0023708809167146683 38
1731880771173 0.0019672238267958164 39
1731880771515 0.0025848380755633116 40
1731880771871 0.0022795277182012796 41
1731880772137 0.0019605683628469706 42
1731880772546 0.0023691938258707523 43
1731880772858 0.0018925073090940714 44
1731880773189 0.0022515191230922937 45
1731880773502 0.0021639447659254074 46
1731880773809 0.0018627071985974908 47
1731880774123 0.0021830908954143524 48
1731880774434 0.001738706836476922 49
