1731872231972 0.07873562723398209 0
1731872232743 0.027996322140097618 1
1731872233468 0.010386373847723007 2
1731872234175 0.006440537981688976 3
1731872234875 0.004937035497277975 4
1731872235618 0.00521485460922122 5
1731872236551 0.004638098645955324 6
1731872237298 0.0043984162621200085 7
1731872237912 0.0050352453254163265 8
1731872238506 0.007413114886730909 9
1731872239219 0.0042530084028840065 10
1731872239861 0.004732366185635328 11
1731872240547 0.0034333313815295696 12
1731872241317 0.003998635336756706 13
1731872242061 0.0040955008007586 14
1731872242727 0.003957605455070734 15
1731872243413 0.0032211868092417717 16
1731872244097 0.0031496116425842047 17
1731872244850 0.0035082304384559393 18
1731872245463 0.0028829292859882116 19
1731872246280 0.0032813551370054483 20
1731872247355 0.003279400058090687 21
1731872247952 0.003097851760685444 22
1731872248713 0.0027431235648691654 23
1731872249532 0.0027228151448071003 24
1731872250352 0.00321809109300375 25
1731872251039 0.0042031193152070045 26
1731872251689 0.002884678542613983 27
1731872252528 0.0032247803173959255 28
1731872253475 0.0040428354404866695 29
1731872254337 0.0029936013743281364 30
1731872255048 0.003036204259842634 31
1731872255667 0.0025321231223642826 32
1731872256503 0.0028061727061867714 33
1731872257437 0.0021941610611975193 34
1731872258174 0.002142844023182988 35
1731872258982 0.002335526514798403 36
1731872259677 0.0030379074160009623 37
1731872260314 0.002480501774698496 38
1731872260989 0.0022714899387210608 39
1731872261688 0.002178406808525324 40
1731872262326 0.0023319637402892113 41
1731872263013 0.002114074770361185 42
1731872263972 0.003212439129129052 43
1731872264661 0.003814063500612974 44
1731872265377 0.005340750329196453 45
1731872266171 0.00229488592594862 46
1731872267151 0.0019027527887374163 47
1731872268018 0.0019690613262355328 48
1731872268797 0.002453999826684594 49
