1731860680726 0.11969290673732758 0
1731860681358 0.040788911283016205 1
1731860681986 0.023325949907302856 2
1731860682629 0.012407722882926464 3
1731860683136 0.010794399306178093 4
1731860683649 0.009022379294037819 5
1731860684168 0.008101353421807289 6
1731860684709 0.007272631861269474 7
1731860685349 0.007284368854016066 8
1731860685862 0.006690644193440676 9
1731860686374 0.006626196205615997 10
1731860686902 0.007761962246149778 11
1731860687426 0.008981502614915371 12
1731860687934 0.006780925206840038 13
1731860688718 0.0050115869380533695 14
1731860689258 0.004874860402196646 15
1731860689896 0.004486589692533016 16
1731860690412 0.004197174217551947 17
1731860691031 0.003977065905928612 18
1731860691569 0.0043403757736086845 19
1731860692084 0.004058036487549543 20
1731860692592 0.0035794000141322613 21
1731860693106 0.003953922539949417 22
1731860693626 0.0045168399810791016 23
1731860694282 0.004441813565790653 24
1731860694936 0.004572372883558273 25
1731860695459 0.004157267045229673 26
1731860695988 0.0032024874817579985 27
1731860696506 0.004669802729040384 28
1731860697015 0.003278100863099098 29
1731860697641 0.0032511784229427576 30
1731860698148 0.0037611706648021936 31
1731860698682 0.003765848698094487 32
1731860699329 0.002531913574784994 33
1731860699841 0.0027666394598782063 34
1731860700355 0.0025481239426881075 35
1731860700892 0.002930315211415291 36
1731860701405 0.0029950011521577835 37
1731860701920 0.003925730939954519 38
1731860702428 0.0037273666821420193 39
1731860702966 0.0031029810197651386 40
1731860703477 0.0026952994521707296 41
1731860703986 0.002522112801671028 42
1731860704786 0.002559808548539877 43
1731860705337 0.002433102112263441 44
1731860705848 0.0024073803797364235 45
1731860706484 0.0025711043272167444 46
1731860706994 0.0024155296850949526 47
1731860707534 0.002003956586122513 48
1731860708056 0.0019529011333361268 49
