1731860967961 0.0929485633969307 0
1731860968619 0.0402880422770977 1
1731860969249 0.022876286879181862 2
1731860969904 0.01605517975986004 3
1731860970619 0.01349638681858778 4
1731860971437 0.01215459406375885 5
1731860971943 0.010164132341742516 6
1731860972458 0.010198399424552917 7
1731860973087 0.008929352276027203 8
1731860973729 0.009421463124454021 9
1731860974342 0.0080774100497365 10
1731860974863 0.0070934295654296875 11
1731860975507 0.006044574081897736 12
1731860976041 0.006806978024542332 13
1731860976548 0.00568301510065794 14
1731860977051 0.006282151211053133 15
1731860977560 0.005669598467648029 16
1731860978349 0.005599915515631437 17
1731860978858 0.005076919216662645 18
1731860979364 0.005981296766549349 19
1731860979874 0.006778242997825146 20
1731860980390 0.00635673850774765 21
1731860981056 0.005071780178695917 22
1731860981573 0.004219843540340662 23
1731860982078 0.003951349761337042 24
1731860982587 0.0038740974850952625 25
1731860983123 0.007245215587317944 26
1731860983636 0.004026562441140413 27
1731860984154 0.0037505347281694412 28
1731860984671 0.0036141828168183565 29
1731860985203 0.004221334122121334 30
1731860985834 0.007024193182587624 31
1731860986337 0.005081497132778168 32
1731860986839 0.004111915361136198 33
1731860987364 0.00345706008374691 34
1731860987873 0.0032594571821391582 35
1731860988647 0.003513579722493887 36
1731860989168 0.0035846701357513666 37
1731860989697 0.003475536359474063 38
1731860990211 0.0032119196839630604 39
1731860990713 0.0030077993869781494 40
1731860991219 0.003390943631529808 41
1731860991729 0.00328710675239563 42
1731860992378 0.0050608087331056595 43
1731860992895 0.003031851025298238 44
1731860993408 0.002693098271265626 45
1731860994020 0.003232727525755763 46
1731860994583 0.0024976632557809353 47
1731860995095 0.002619393402710557 48
1731860995609 0.002664428437128663 49
