1731853498193 0.12257758527994156 0
1731853498778 0.13105477392673492 1
1731853499295 0.12097439169883728 2
1731853499899 0.12030453234910965 3
1731853500492 0.10806423425674438 4
1731853501100 0.1288452297449112 5
1731853501617 0.11602510511875153 6
1731853502093 0.10893597453832626 7
1731853502574 0.11315937340259552 8
1731853503067 0.11241266131401062 9
1731853503557 0.10453583300113678 10
1731853504071 0.11374576389789581 11
1731853504554 0.10500446707010269 12
1731853505075 0.1031951904296875 13
1731853505676 0.10179370641708374 14
1731853506189 0.10352850705385208 15
1731853506686 0.10406888276338577 16
1731853507180 0.09901025891304016 17
1731853507670 0.10142277181148529 18
1731853508162 0.10023748874664307 19
1731853508679 0.09688406437635422 20
1731853509172 0.0953783467411995 21
1731853509664 0.09470251947641373 22
1731853510156 0.09578508138656616 23
1731853510681 0.09788955003023148 24
1731853511176 0.09498301893472672 25
1731853511678 0.0865652784705162 26
1731853512173 0.0828842744231224 27
1731853512668 0.08903621137142181 28
1731853513181 0.0876612439751625 29
1731853513676 0.08978752791881561 30
1731853514166 0.08693870902061462 31
1731853514660 0.0817607194185257 32
1731853515210 0.08269627392292023 33
1731853515714 0.08201766759157181 34
1731853516477 0.08072437345981598 35
1731853517037 0.08167795091867447 36
1731853517585 0.07764587551355362 37
1731853518076 0.07785335183143616 38
1731853518566 0.08472217619419098 39
1731853519058 0.08216726034879684 40
1731853519552 0.08358512818813324 41
1731853520068 0.07645437866449356 42
1731853520560 0.07968153804540634 43
1731853521056 0.08078532665967941 44
1731853521549 0.0759226456284523 45
1731853522061 0.07683246582746506 46
1731853522548 0.07417317479848862 47
1731853523043 0.07915918529033661 48
1731853523534 0.07555259019136429 49
