1731861310309 0.0710524246096611 0
1731861310959 0.0340183861553669 1
1731861311638 0.023721979930996895 2
1731861312159 0.01667909324169159 3
1731861312842 0.0066493903286755085 4
1731861313564 0.014302907511591911 5
1731861314347 0.009247071109712124 6
1731861314864 0.00454354053363204 7
1731861315496 0.004154655151069164 8
1731861316045 0.003651072271168232 9
1731861316562 0.0036308830603957176 10
1731861317080 0.003286412451416254 11
1731861317721 0.0032136233057826757 12
1731861318256 0.0031921365298330784 13
1731861318899 0.0037119502667337656 14
1731861319422 0.0032006532419472933 15
1731861319939 0.0030754299368709326 16
1731861320608 0.0036769502330571413 17
1731861321130 0.0033442163839936256 18
1731861321649 0.003522253129631281 19
1731861322162 0.0026434138417243958 20
1731861323007 0.0034519978798925877 21
1731861323522 0.002589984331279993 22
1731861324040 0.0023306827060878277 23
1731861324554 0.0026200078427791595 24
1731861325222 0.003127864794805646 25
1731861325924 0.0032045110128819942 26
1731861326454 0.003499424085021019 27
1731861326974 0.002750585786998272 28
1731861327488 0.0022373953834176064 29
1731861328158 0.002228101948276162 30
1731861328675 0.002149364911019802 31
1731861329193 0.002507805358618498 32
1731861329723 0.0021498764399439096 33
1731861330384 0.002566811628639698 34
1731861330939 0.0025038456078618765 35
1731861331467 0.0033834960777312517 36
1731861332256 0.002055228454992175 37
1731861332919 0.0018929296638816595 38
1731861333442 0.0020709882955998182 39
1731861333965 0.0024233399890363216 40
1731861334483 0.0027298429049551487 41
1731861335023 0.0019054344156756997 42
1731861335546 0.0020184405148029327 43
1731861336189 0.0017531290650367737 44
1731861336719 0.0016688244650140405 45
1731861337399 0.0018417133251205087 46
1731861337916 0.0017615563701838255 47
1731861338436 0.0022551005240529776 48
1731861338954 0.001717905979603529 49
