1731876949817 0.03239033743739128 0
1731876950817 0.005316740833222866 1
1731876951764 0.004083899315446615 2
1731876952577 0.005164538510143757 3
1731876953481 0.0031411766540259123 4
1731876954415 0.003136594081297517 5
1731876955240 0.0025739872362464666 6
1731876956174 0.0027149231173098087 7
1731876957109 0.0021749651059508324 8
1731876958149 0.0024275316391140223 9
1731876958987 0.002217288827523589 10
1731876959809 0.002556353574618697 11
1731876960620 0.0022079399786889553 12
1731876961430 0.0017517650267109275 13
1731876962337 0.0018705213442444801 14
1731876963180 0.0016449769027531147 15
1731876963994 0.0016133416211232543 16
1731876964810 0.001890104147605598 17
1731876965650 0.001560723758302629 18
1731876966489 0.0016293321968987584 19
1731876967328 0.0015381245175376534 20
1731876968384 0.001794191193766892 21
1731876969201 0.001494369120337069 22
1731876970139 0.0013814582489430904 23
1731876970933 0.001543910475447774 24
1731876971879 0.0014481202233582735 25
1731876972696 0.0014038452645763755 26
1731876973502 0.0011918514501303434 27
1731876974345 0.0012382526183500886 28
1731876975159 0.0014279574388638139 29
1731876975978 0.0012799151008948684 30
1731876976818 0.001641392707824707 31
1731876977722 0.0016670671757310629 32
1731876978537 0.001194352051243186 33
1731876979385 0.001251766225323081 34
1731876980442 0.0011690632672980428 35
1731876981376 0.0012287277495488524 36
1731876982192 0.0012628663098439574 37
1731876983008 0.0010697133839130402 38
1731876983957 0.001159111736342311 39
1731876984867 0.0012159250909462571 40
1731876985708 0.0011544500011950731 41
1731876986535 0.001015522051602602 42
1731876987463 0.0010307672200724483 43
1731876988332 0.0010123535757884383 44
1731876989115 0.001290536136366427 45
1731876990176 0.001141232787631452 46
1731876991004 0.0012589431134983897 47
1731876991818 0.0010355147533118725 48
1731876992713 0.0011405959958210588 49
