1731852690905 0.18585233390331268 0
1731852691571 0.18559958040714264 1
1731852692174 0.18535520136356354 2
1731852693040 0.18510591983795166 3
1731852693641 0.18486808240413666 4
1731852694282 0.18462927639484406 5
1731852694956 0.18439331650733948 6
1731852695646 0.18416477739810944 7
1731852696789 0.1839345544576645 8
1731852697592 0.1837051808834076 9
1731852698436 0.1834854930639267 10
1731852699479 0.18326552212238312 11
1731852700054 0.1830449402332306 12
1731852700644 0.18283113837242126 13
1731852701213 0.18262577056884766 14
1731852701774 0.1824134737253189 15
1731852702387 0.1822088211774826 16
1731852702952 0.18200719356536865 17
1731852703707 0.1818075329065323 18
1731852704295 0.18160821497440338 19
1731852704876 0.18141783773899078 20
1731852705452 0.18122220039367676 21
1731852706016 0.18103256821632385 22
1731852706614 0.18084609508514404 23
1731852707244 0.18066373467445374 24
1731852707881 0.18048352003097534 25
1731852708611 0.1803014874458313 26
1731852709202 0.1801280975341797 27
1731852709784 0.1799541562795639 28
1731852710342 0.17977823317050934 29
1731852710904 0.17961138486862183 30
1731852711506 0.17944319546222687 31
1731852712145 0.17927893996238708 32
1731852712799 0.17911499738693237 33
1731852713592 0.17895415425300598 34
1731852714276 0.17879673838615417 35
1731852714842 0.17864097654819489 36
1731852715403 0.17848612368106842 37
1731852715981 0.17833441495895386 38
1731852716578 0.1781834065914154 39
1731852717140 0.17803621292114258 40
1731852717707 0.17788901925086975 41
1731852718424 0.17774558067321777 42
1731852719136 0.1776038110256195 43
1731852719811 0.17746023833751678 44
1731852720395 0.17732244729995728 45
1731852720977 0.17718830704689026 46
1731852721590 0.1770511418581009 47
1731852722144 0.1769188791513443 48
1731852722717 0.17678770422935486 49
