1731871512984 0.01751372031867504 0
1731871514369 0.006730227265506983 1
1731871515626 0.0038957467768341303 2
1731871516925 0.006143634207546711 3
1731871518257 0.005022081546485424 4
1731871519525 0.002419500844553113 5
1731871520721 0.004279318265616894 6
1731871522161 0.0030342196114361286 7
1731871523430 0.003641923423856497 8
1731871524642 0.002533137332648039 9
1731871525904 0.0024110302329063416 10
1731871527144 0.002941502956673503 11
1731871528512 0.0022739458363503218 12
1731871529711 0.002069436479359865 13
1731871530966 0.0023529166355729103 14
1731871532612 0.002470847452059388 15
1731871533876 0.0025001377798616886 16
1731871535111 0.0024008566979318857 17
1731871536702 0.0025433979462832212 18
1731871537927 0.0020686194766312838 19
1731871539148 0.0015392956556752324 20
1731871540347 0.001966038253158331 21
1731871541704 0.0019169410225003958 22
1731871542903 0.0013796681305393577 23
1731871544137 0.002620637882500887 24
1731871545395 0.001946846256032586 25
1731871546689 0.0018467491026967764 26
1731871547890 0.0014898572117090225 27
1731871549409 0.0016931826248764992 28
1731871550720 0.0019204667769372463 29
1731871552033 0.0013670416083186865 30
1731871553260 0.0019898200407624245 31
1731871554586 0.001967404503375292 32
1731871555799 0.0013693023938685656 33
1731871557134 0.0017871789168566465 34
1731871558360 0.0018994431011378765 35
1731871559693 0.0014851391315460205 36
1731871560940 0.0017523544374853373 37
1731871562590 0.001773699070326984 38
1731871563806 0.0019604454282671213 39
1731871565077 0.0015967722283676267 40
1731871566455 0.001487742061726749 41
1731871567719 0.0015022845473140478 42
1731871569000 0.0018325451528653502 43
1731871570209 0.0018810585606843233 44
1731871571517 0.0014374007005244493 45
1731871572737 0.0017143458826467395 46
1731871574036 0.0018634614534676075 47
1731871575270 0.0017176219262182713 48
1731871576936 0.0013902934733778238 49
