1731880225324 0.06357312202453613 0
1731880225778 0.021220218390226364 1
1731880226242 0.013955256901681423 2
1731880226720 0.006981322076171637 3
1731880227087 0.005113238003104925 4
1731880227598 0.004775025881826878 5
1731880228053 0.004399525932967663 6
1731880228384 0.004819478373974562 7
1731880228861 0.004071946721524 8
1731880229189 0.0038766833022236824 9
1731880229624 0.004207426682114601 10
1731880230102 0.003889664076268673 11
1731880230546 0.003513371804729104 12
1731880230876 0.00342043349519372 13
1731880231346 0.0030760893132537603 14
1731880231680 0.0032375173177570105 15
1731880232132 0.0030910822097212076 16
1731880232493 0.00297930627129972 17
1731880232876 0.00319026131182909 18
1731880233251 0.0030028976034373045 19
1731880233782 0.0029847437981516123 20
1731880234165 0.002664057305082679 21
1731880234845 0.0026351166889071465 22
1731880235221 0.0031456369906663895 23
1731880235702 0.0029798608738929033 24
1731880236037 0.002413668669760227 25
1731880236568 0.002256930572912097 26
1731880236894 0.0026176294777542353 27
1731880237231 0.0026910032611340284 28
1731880237668 0.0022756517864763737 29
1731880238028 0.002222563372924924 30
1731880238363 0.0023668769281357527 31
1731880238692 0.0021804282441735268 32
1731880239023 0.0021506722550839186 33
1731880239467 0.0019964834209531546 34
1731880239806 0.0020395091269165277 35
1731880240162 0.001966636860743165 36
1731880240753 0.002053499221801758 37
1731880241147 0.0019755142275243998 38
1731880241486 0.0022723462898284197 39
1731880241821 0.001728530041873455 40
1731880242149 0.0021905344910919666 41
1731880242496 0.0018111536046490073 42
1731880242838 0.0019838749431073666 43
1731880243165 0.0019283464644104242 44
1731880243490 0.0019549790304154158 45
1731880243906 0.0018736812053248286 46
1731880244234 0.0016880895709618926 47
1731880244560 0.0016814667033031583 48
1731880244919 0.002168250735849142 49
