1731893470995 0.029711807146668434 0
1731893472083 0.00890607014298439 1
1731893473092 0.005611496511846781 2
1731893474189 0.003760759951546788 3
1731893475242 0.004688963759690523 4
1731893476226 0.004140418954193592 5
1731893477332 0.0028940951451659203 6
1731893478346 0.002984308870509267 7
1731893479636 0.0027231122367084026 8
1731893480604 0.0026315716095268726 9
1731893481566 0.002442354569211602 10
1731893482590 0.002044954104349017 11
1731893483575 0.0027929407078772783 12
1731893484608 0.0025064123328775167 13
1731893485734 0.0023932666517794132 14
1731893486724 0.0029022276867181063 15
1731893487748 0.001931660925038159 16
1731893488737 0.0021376197692006826 17
1731893489784 0.0019111079163849354 18
1731893490772 0.0019031341653317213 19
1731893491778 0.0020733047276735306 20
1731893492956 0.0017579601844772696 21
1731893494014 0.001817587879486382 22
1731893495251 0.001670943689532578 23
1731893496238 0.00195092533249408 24
1731893497238 0.002481998410075903 25
1731893498232 0.002159374300390482 26
1731893499248 0.0018208151450380683 27
1731893500370 0.0021542056929320097 28
1731893501371 0.001579390256665647 29
1731893502359 0.0016473273281008005 30
1731893503318 0.0014169802889227867 31
1731893504323 0.0019730250351130962 32
1731893505630 0.0016282465076074004 33
1731893506657 0.0018051053630188107 34
1731893507752 0.0015314039774239063 35
1731893508763 0.0014356611063703895 36
1731893509767 0.0021898485720157623 37
1731893511037 0.0013239867985248566 38
1731893512030 0.0016732030780985951 39
1731893513025 0.0018341122195124626 40
1731893514043 0.0013068417320027947 41
1731893515097 0.001590896979905665 42
1731893516098 0.001513567054644227 43
1731893517084 0.0014426358975470066 44
1731893518104 0.0015225047245621681 45
1731893519216 0.0012680578511208296 46
1731893520370 0.0016644001007080078 47
1731893521362 0.0013624479761347175 48
1731893522364 0.0015602473868057132 49
