1731871754024 0.03069114312529564 0
1731871754840 0.005428479053080082 1
1731871755569 0.0037340978160500526 2
1731871756428 0.005373639985918999 3
1731871757231 0.00287929130718112 4
1731871757814 0.002191064180806279 5
1731871758454 0.0020516542717814445 6
1731871759031 0.0019026027293875813 7
1731871759602 0.0021455371752381325 8
1731871760144 0.00175714329816401 9
1731871760803 0.0015822682762518525 10
1731871761433 0.0017508959863334894 11
1731871762090 0.001662994152866304 12
1731871762748 0.0023605760652571917 13
1731871763304 0.0024516743142157793 14
1731871763873 0.0019393241964280605 15
1731871764550 0.0020944103598594666 16
1731871765095 0.0019717912655323744 17
1731871765649 0.0015831859782338142 18
1731871766315 0.002596749924123287 19
1731871766893 0.0022330451756715775 20
1731871767438 0.0020261856261640787 21
1731871767986 0.001742908381856978 22
1731871768557 0.002796898828819394 23
1731871769229 0.0020757096353918314 24
1731871769769 0.0015382469864562154 25
1731871770317 0.0016069544944912195 26
1731871770921 0.0013339425204321742 27
1731871771480 0.0017633306561037898 28
1731871772024 0.0015230686403810978 29
1731871772609 0.0013977417256683111 30
1731871773210 0.0013240835396572948 31
1731871773798 0.0013123312965035439 32
1731871774379 0.0013874298892915249 33
1731871774939 0.0012502092868089676 34
1731871775776 0.0013102106750011444 35
1731871776310 0.0015373766655102372 36
1731871776849 0.0035633505322039127 37
1731871777523 0.0012439463753253222 38
1731871778101 0.0014962211716920137 39
1731871778637 0.0012561727780848742 40
1731871779174 0.001397939515300095 41
1731871779803 0.0012544160708785057 42
1731871780376 0.001113312435336411 43
1731871780921 0.0013859161408618093 44
1731871781580 0.0013786836061626673 45
1731871782228 0.0013875957811251283 46
1731871782799 0.0012061471352353692 47
1731871783341 0.0010680831037461758 48
1731871783956 0.0012347945012152195 49
