1731875978827 0.012661362066864967 0
1731875980346 0.004263200797140598 1
1731875981925 0.003752365941181779 2
1731875983441 0.0029167868196964264 3
1731875984877 0.002474389038980007 4
1731875986295 0.0027044350281357765 5
1731875987699 0.002263357164338231 6
1731875989233 0.0017922029364854097 7
1731875990715 0.002066665096208453 8
1731875992155 0.0016827251529321074 9
1731875993580 0.001846143277361989 10
1731875994977 0.0017556470120325685 11
1731875996582 0.001582190627232194 12
1731875998086 0.0018246867693960667 13
1731875999580 0.001605657977052033 14
1731876001251 0.0015742438845336437 15
1731876002719 0.0017250578384846449 16
1731876004121 0.0016624190611764789 17
1731876005553 0.0016367625212296844 18
1731876006988 0.0015417239628732204 19
1731876008574 0.0014522511046379805 20
1731876009994 0.0014255066635087132 21
1731876011395 0.001454088487662375 22
1731876012960 0.0016356793930754066 23
1731876014378 0.0013727579498663545 24
1731876015785 0.0013942711520940065 25
1731876017163 0.0015406077727675438 26
1731876018588 0.001340946415439248 27
1731876020013 0.0013520956272259355 28
1731876021430 0.0014940244145691395 29
1731876023033 0.0014482951955869794 30
1731876024573 0.001272627036087215 31
1731876025970 0.001479148748330772 32
1731876027506 0.0014287055237218738 33
1731876028966 0.0014702870976179838 34
1731876030368 0.001388172502629459 35
1731876031809 0.0013419765746220946 36
1731876033351 0.0013725730823352933 37
1731876034767 0.0012033613165840507 38
1731876036370 0.0013244732981547713 39
1731876037806 0.0012520707678049803 40
1731876039242 0.0013260665582492948 41
1731876040674 0.001319546834565699 42
1731876042127 0.0012305135605856776 43
1731876043591 0.001252681133337319 44
1731876045022 0.0011899835662916303 45
1731876046426 0.0011552105424925685 46
1731876047889 0.0012256036279723048 47
1731876049452 0.0012119968887418509 48
1731876050934 0.0011844796827062964 49
