1731871661934 0.06341466307640076 0
1731871663292 0.0074974908493459225 1
1731871664675 0.0030630333349108696 2
1731871666012 0.0021927710622549057 3
1731871667308 0.0019336648983880877 4
1731871668541 0.0023541662376374006 5
1731871670098 0.0023846477270126343 6
1731871671524 0.002397557022050023 7
1731871672778 0.001992815872654319 8
1731871674003 0.0018399502150714397 9
1731871675415 0.001712208497337997 10
1731871676654 0.0019880421459674835 11
1731871677920 0.002160162664949894 12
1731871679138 0.0016192651819437742 13
1731871680449 0.0015090011293068528 14
1731871681689 0.0015704234829172492 15
1731871683308 0.0017329390393570065 16
1731871684549 0.0016228962922468781 17
1731871685783 0.0014207939384505153 18
1731871687131 0.0014494152273982763 19
1731871688468 0.0014202403835952282 20
1731871689668 0.0013012841809540987 21
1731871690917 0.001336292247287929 22
1731871692130 0.0012564649805426598 23
1731871693464 0.0014221927849575877 24
1731871694678 0.0016755571123212576 25
1731871696189 0.0021790836472064257 26
1731871697774 0.0014672840479761362 27
1731871699167 0.0016614950727671385 28
1731871700426 0.001889727427624166 29
1731871701686 0.0013245297595858574 30
1731871702999 0.001331343431957066 31
1731871704540 0.001090007135644555 32
1731871705903 0.0014252609107643366 33
1731871707181 0.001148228533565998 34
1731871708810 0.0011507680173963308 35
1731871710392 0.001210785354487598 36
1731871712015 0.001205426175147295 37
1731871713815 0.0016074634622782469 38
1731871715238 0.001995514612644911 39
1731871716637 0.0011460597161203623 40
1731871718069 0.001401810790412128 41
1731871719709 0.0011111516505479813 42
1731871721384 0.001961037516593933 43
1731871722832 0.0013873548014089465 44
1731871724392 0.001042611664161086 45
1731871725714 0.0016969441203400493 46
1731871727029 0.001227677334100008 47
1731871728254 0.0011005441192537546 48
1731871729625 0.0010130954906344414 49
