1731858062061 0.051952943205833435 0
1731858062677 0.013849737122654915 1
1731858063198 0.008711745031177998 2
1731858063778 0.00657222606241703 3
1731858064406 0.005674055311828852 4
1731858064933 0.00506946537643671 5
1731858065557 0.006006302777677774 6
1731858066046 0.0042423829436302185 7
1731858066572 0.0053156898356974125 8
1731858067105 0.004881436936557293 9
1731858067923 0.004102134611457586 10
1731858068522 0.004136999603360891 11
1731858069045 0.0035691368393599987 12
1731858069552 0.003511440008878708 13
1731858070046 0.003356548026204109 14
1731858070555 0.0051493155770003796 15
1731858071067 0.004220279864966869 16
1731858071579 0.003999427892267704 17
1731858072071 0.004897295031696558 18
1731858072582 0.004249699413776398 19
1731858073072 0.007058436516672373 20
1731858073611 0.004363281652331352 21
1731858074105 0.0030242931097745895 22
1731858074691 0.004107613116502762 23
1731858075197 0.002894749166443944 24
1731858075717 0.002752294996753335 25
1731858076224 0.002589063486084342 26
1731858076715 0.002694289432838559 27
1731858077309 0.0027981994207948446 28
1731858077841 0.0027023188304156065 29
1731858078344 0.002756488276645541 30
1731858078923 0.0023926720023155212 31
1731858079654 0.0034545643720775843 32
1731858080196 0.003285239217802882 33
1731858080691 0.003972533158957958 34
1731858081197 0.00310838152654469 35
1731858081692 0.003346602898091078 36
1731858082207 0.002862885594367981 37
1731858082729 0.002719104988500476 38
1731858083332 0.0025931918062269688 39
1731858083827 0.002436179667711258 40
1731858084421 0.002677023643627763 41
1731858084940 0.0032211286015808582 42
1731858085450 0.0026364086661487818 43
1731858085939 0.0022527333348989487 44
1731858086449 0.0032610453199595213 45
1731858086965 0.002289309399202466 46
1731858087478 0.0035757243167608976 47
1731858087989 0.0046412707306444645 48
1731858088499 0.003752016695216298 49
