1731881372291 0.1179899051785469 0
1731881372649 0.035059068351984024 1
1731881373012 0.014145826920866966 2
1731881373402 0.006245894357562065 3
1731881373798 0.0037965623196214437 4
1731881374017 0.0033552402164787054 5
1731881374381 0.003137619001790881 6
1731881374598 0.002746009035035968 7
1731881374824 0.0026323595084249973 8
1731881375032 0.002654631156474352 9
1731881375213 0.002536194398999214 10
1731881375523 0.002306247130036354 11
1731881375755 0.0023322487249970436 12
1731881376081 0.0023605998139828444 13
1731881376267 0.0021997687872499228 14
1731881376444 0.002236386528238654 15
1731881376634 0.002479779301211238 16
1731881376936 0.0023919774685055017 17
1731881377119 0.0022659304086118937 18
1731881377299 0.0019200233509764075 19
1731881377641 0.001994654769077897 20
1731881377823 0.0020773422438651323 21
1731881378009 0.001928475103341043 22
1731881378187 0.0017583358567208052 23
1731881378396 0.001959409797564149 24
1731881378582 0.0017051927279680967 25
1731881378762 0.0019435748690739274 26
1731881379081 0.0018827341264113784 27
1731881379269 0.002074219286441803 28
1731881379444 0.001754246768541634 29
1731881379836 0.0017781901406124234 30
1731881380025 0.0015646887477487326 31
1731881380403 0.001784755033440888 32
1731881380677 0.0016044084914028645 33
1731881380855 0.0016933686565607786 34
1731881381156 0.0016922258073464036 35
1731881381333 0.0015961159951984882 36
1731881381640 0.0015024050371721387 37
1731881381815 0.0015129803214222193 38
1731881381996 0.001581552904099226 39
1731881382180 0.0016641404945403337 40
1731881382426 0.001513470197096467 41
1731881382617 0.0017047105357050896 42
1731881382801 0.0015764969866722822 43
1731881383136 0.0014350212877616286 44
1731881383318 0.001640733447857201 45
1731881383513 0.001420859363861382 46
1731881383698 0.0013511194847524166 47
1731881383878 0.0014484920538961887 48
1731881384062 0.0015986708458513021 49
