1731853821702 0.16617359220981598 0
1731853822334 0.16617360711097717 1
1731853822838 0.16617360711097717 2
1731853823372 0.16617362201213837 3
1731853823880 0.16617360711097717 4
1731853824381 0.16617362201213837 5
1731853824892 0.16617359220981598 6
1731853825419 0.16617360711097717 7
1731853825922 0.16617359220981598 8
1731853826427 0.16617360711097717 9
1731853826934 0.16617360711097717 10
1731853827478 0.16617359220981598 11
1731853828003 0.16617359220981598 12
1731853828511 0.16617360711097717 13
1731853829021 0.16617360711097717 14
1731853829523 0.16617360711097717 15
1731853830053 0.16617359220981598 16
1731853830564 0.16617360711097717 17
1731853831068 0.16617362201213837 18
1731853831550 0.16617360711097717 19
1731853832073 0.16617360711097717 20
1731853832599 0.16617359220981598 21
1731853833235 0.16617360711097717 22
1731853833739 0.16617360711097717 23
1731853834243 0.16617362201213837 24
1731853834766 0.16617359220981598 25
1731853835270 0.16617359220981598 26
1731853835775 0.16617360711097717 27
1731853836281 0.16617359220981598 28
1731853836818 0.16617360711097717 29
1731853837329 0.16617360711097717 30
1731853837832 0.16617360711097717 31
1731853838336 0.16617360711097717 32
1731853838846 0.16617362201213837 33
1731853839374 0.16617360711097717 34
1731853839886 0.16617359220981598 35
1731853840388 0.16617360711097717 36
1731853840901 0.16617363691329956 37
1731853841431 0.16617362201213837 38
1731853841938 0.16617360711097717 39
1731853842434 0.16617360711097717 40
1731853842944 0.16617357730865479 41
1731853843468 0.16617360711097717 42
1731853843982 0.16617362201213837 43
1731853844618 0.16617359220981598 44
1731853845123 0.16617362201213837 45
1731853845630 0.16617359220981598 46
1731853846156 0.16617359220981598 47
1731853846665 0.16617363691329956 48
1731853847171 0.16617360711097717 49
