1731893630004 0.018644563853740692 0
1731893631722 0.005386011209338903 1
1731893633382 0.00623175548389554 2
1731893634913 0.008674180135130882 3
1731893636611 0.002721258206292987 4
1731893638150 0.005065005738288164 5
1731893639800 0.004026882816106081 6
1731893641364 0.0037540378980338573 7
1731893642916 0.00218448624946177 8
1731893644598 0.002399122342467308 9
1731893646149 0.002720715943723917 10
1731893647720 0.0020046082790941 11
1731893649230 0.00283252215012908 12
1731893650918 0.0017544918227940798 13
1731893652479 0.003321258816868067 14
1731893654137 0.002169434679672122 15
1731893655678 0.0024194696452468634 16
1731893657244 0.0019403307233005762 17
1731893658774 0.0026742541231215 18
1731893660318 0.0019752057269215584 19
1731893662065 0.002139199757948518 20
1731893663596 0.002024597954005003 21
1731893665160 0.0020157520193606615 22
1731893666722 0.001955996034666896 23
1731893668388 0.0024360211100429296 24
1731893669950 0.0018257198389619589 25
1731893671637 0.0017831975128501654 26
1731893673220 0.00209554610773921 27
1731893674865 0.0017383178928866982 28
1731893676487 0.0019409748492762446 29
1731893678056 0.0017656965646892786 30
1731893679791 0.0022343776654452085 31
1731893681314 0.0016332664526998997 32
1731893682923 0.001694206497631967 33
1731893684469 0.00164111889898777 34
1731893685996 0.0014398687053471804 35
1731893687584 0.0017035928322002292 36
1731893689259 0.001540664117783308 37
1731893690927 0.0015236559556797147 38
1731893692510 0.001740650157444179 39
1731893694062 0.0015576332807540894 40
1731893695607 0.001786533510312438 41
1731893697359 0.001636704197153449 42
1731893698968 0.0013536815531551838 43
1731893700494 0.00210699625313282 44
1731893702045 0.0013507776893675327 45
1731893703600 0.0017570140771567822 46
1731893705127 0.0014717597514390945 47
1731893706701 0.0017185001634061337 48
1731893708254 0.001230432535521686 49
