1731890361003 0.039780858904123306 0
1731890361644 0.005607132334262133 1
1731890362338 0.004660301376134157 2
1731890363001 0.003102668095380068 3
1731890363653 0.0027360443491488695 4
1731890364190 0.0025923640932887793 5
1731890364927 0.0021066132467240095 6
1731890365466 0.002312407596036792 7
1731890366050 0.0021068360656499863 8
1731890366754 0.0018046189798042178 9
1731890367488 0.0020714537240564823 10
1731890368103 0.0019073765724897385 11
1731890368734 0.0020312133710831404 12
1731890369203 0.0017922004917636514 13
1731890369694 0.0017178633715957403 14
1731890370255 0.0015447805635631084 15
1731890370721 0.0015016649849712849 16
1731890371212 0.0016985831316560507 17
1731890371726 0.001537773641757667 18
1731890372264 0.0016307492041960359 19
1731890373340 0.0014490492176264524 20
1731890374174 0.001555970753543079 21
1731890374826 0.0014637433923780918 22
1731890375611 0.0013113305903971195 23
1731890376301 0.001500845537520945 24
1731890377125 0.001290901331230998 25
1731890378568 0.0012458987766876817 26
1731890379457 0.001312143518589437 27
1731890380357 0.0012605322990566492 28
1731890381212 0.0013542117085307837 29
1731890383195 0.0011728886747732759 30
1731890384089 0.0012916739797219634 31
1731890384807 0.0012524097692221403 32
1731890385756 0.0011928061721846461 33
1731890386527 0.001327318954281509 34
1731890387069 0.0015236439649015665 35
1731890387529 0.001682208850979805 36
1731890388002 0.0013064160011708736 37
1731890388619 0.0010932979639619589 38
1731890389091 0.0014239453012123704 39
1731890389552 0.0013256516540423036 40
1731890390019 0.0011559352278709412 41
1731890390645 0.0012361275730654597 42
1731890391152 0.0013329357607290149 43
1731890391616 0.0010144601110368967 44
1731890392085 0.0012702950043603778 45
1731890392582 0.0010676566744223237 46
1731890393057 0.0011584411840885878 47
1731890393538 0.0010216064983978868 48
1731890394114 0.0015089045045897365 49
