1731892798175 0.021610472351312637 0
1731892799569 0.002311954041942954 1
1731892801029 0.0021078421268612146 2
1731892802466 0.001850309083238244 3
1731892803747 0.0020076476503163576 4
1731892805057 0.001712651690468192 5
1731892806341 0.0018191187409684062 6
1731892807730 0.0016184162814170122 7
1731892809016 0.0015962739707902074 8
1731892810625 0.0018696403130888939 9
1731892811951 0.001767713576555252 10
1731892813803 0.0018948864890262485 11
1731892815383 0.0023273008409887552 12
1731892816716 0.0020246936473995447 13
1731892818044 0.0017131264321506023 14
1731892819473 0.0014554602093994617 15
1731892820761 0.0012678428320214152 16
1731892822084 0.0013171802274882793 17
1731892823388 0.0012002639705315232 18
1731892825030 0.001192757859826088 19
1731892826349 0.001237535267136991 20
1731892827660 0.001158221042715013 21
1731892828939 0.0013071878347545862 22
1731892830255 0.0010572622995823622 23
1731892831612 0.0012227875413373113 24
1731892832947 0.0010260954732075334 25
1731892834520 0.0010473740985617042 26
1731892835831 0.0014529512263834476 27
1731892837176 0.0011939782416447997 28
1731892838472 0.0010847073281183839 29
1731892839781 0.0011764602968469262 30
1731892841410 0.0012303732801228762 31
1731892842721 0.00111778371501714 32
1731892844174 0.0012040227884426713 33
1731892845539 0.0011985133169218898 34
1731892846902 0.001032310537993908 35
1731892848188 0.0010388154769316316 36
1731892849497 0.0009583447244949639 37
1731892850784 0.0010680215200409293 38
1731892852141 0.0020110749173909426 39
1731892853456 0.0010804556077346206 40
1731892854762 0.0010883435606956482 41
1731892856239 0.0012538648443296552 42
1731892857566 0.0009778912644833326 43
1731892858889 0.0009774713544175029 44
1731892860179 0.0010091353906318545 45
1731892861506 0.0009127059020102024 46
1731892862837 0.0009993204148486257 47
1731892864150 0.0010236838134005666 48
1731892865443 0.0011889986926689744 49
