1731883343353 0.05037521570920944 0
1731883343872 0.026534317061305046 1
1731883344405 0.013697468675673008 2
1731883344909 0.007973212748765945 3
1731883345576 0.007726326584815979 4
1731883346092 0.006054633297026157 5
1731883346497 0.009451615624129772 6
1731883346863 0.004429847467690706 7
1731883347211 0.0067255450412631035 8
1731883347747 0.005523188039660454 9
1731883348159 0.0066954148933291435 10
1731883348545 0.005001433193683624 11
1731883349085 0.005299902521073818 12
1731883349442 0.002165570156648755 13
1731883349795 0.0038813732098788023 14
1731883350142 0.005311841610819101 15
1731883350483 0.004781308583915234 16
1731883351308 0.0027496919501572847 17
1731883351870 0.005764101631939411 18
1731883352217 0.0026136208325624466 19
1731883352598 0.0030201070476323366 20
1731883352986 0.003274504328146577 21
1731883353405 0.004281755071133375 22
1731883353786 0.0033928353805094957 23
1731883354200 0.0024184577632695436 24
1731883354580 0.004232214763760567 25
1731883354963 0.002661912003532052 26
1731883355356 0.0031802006997168064 27
1731883355752 0.0037289848551154137 28
1731883356208 0.002051531570032239 29
1731883356817 0.0026532127521932125 30
1731883357226 0.003923064563423395 31
1731883357618 0.0024876759853214025 32
1731883358216 0.0023186609614640474 33
1731883358582 0.003607940161600709 34
1731883358929 0.0021522834431380033 35
1731883359612 0.002134084701538086 36
1731883359984 0.0027842246927320957 37
1731883360335 0.004338865168392658 38
1731883360697 0.002640988677740097 39
1731883361044 0.001828473643399775 40
1731883361393 0.0030628028325736523 41
1731883361742 0.0021561679895967245 42
1731883362116 0.0034678219817578793 43
1731883362626 0.0016972688026726246 44
1731883362986 0.0032808957621455193 45
1731883363685 0.00314173917286098 46
1731883364046 0.0018955986015498638 47
1731883364408 0.002587297698482871 48
1731883364761 0.0017594218952581286 49
