1731858440679 0.0750151127576828 0
1731858441258 0.016331924125552177 1
1731858441851 0.008964021690189838 2
1731858442334 0.008060075342655182 3
1731858442900 0.00601744232699275 4
1731858443383 0.005192230921238661 5
1731858443944 0.006174768786877394 6
1731858444458 0.006994950585067272 7
1731858445020 0.005292530171573162 8
1731858445623 0.004530602600425482 9
1731858446192 0.005375772248953581 10
1731858446802 0.003685562638565898 11
1731858447317 0.005620542913675308 12
1731858447835 0.009382730349898338 13
1731858448322 0.003748406656086445 14
1731858448826 0.004321884363889694 15
1731858449305 0.006976636126637459 16
1731858449788 0.004439815878868103 17
1731858450356 0.003229520283639431 18
1731858450857 0.003239280544221401 19
1731858451430 0.003400872927159071 20
1731858451909 0.003327040234580636 21
1731858452496 0.002995461691170931 22
1731858453104 0.0041008866392076015 23
1731858453592 0.003710025455802679 24
1731858454065 0.002830415265634656 25
1731858454636 0.002990288659930229 26
1731858455111 0.0037506823427975178 27
1731858455612 0.0029161900747567415 28
1731858456094 0.003139565233141184 29
1731858456812 0.002783777890726924 30
1731858457379 0.002509908052161336 31
1731858457875 0.003755399724468589 32
1731858458443 0.0026623753365129232 33
1731858458917 0.0028907600790262222 34
1731858459396 0.0024575062561780214 35
1731858459898 0.0030907702166587114 36
1731858460379 0.006246265023946762 37
1731858460861 0.003322375239804387 38
1731858461344 0.002619384787976742 39
1731858461827 0.002720308257266879 40
1731858462325 0.003309594700112939 41
1731858462888 0.0037269131280481815 42
1731858463460 0.00241317437030375 43
1731858463932 0.00242812093347311 44
1731858464429 0.0025672384072095156 45
1731858464915 0.0027771720197051764 46
1731858465394 0.0028819581493735313 47
1731858465874 0.002851817524060607 48
1731858466349 0.00300404941663146 49
