1731878994010 0.018070928752422333 0
1731878994859 0.0038948014844208956 1
1731878995556 0.00215216726064682 2
1731878996359 0.0018547638319432735 3
1731878997234 0.001893770880997181 4
1731878997922 0.0031218864023685455 5
1731878998616 0.002661443315446377 6
1731878999325 0.0017132044304162264 7
1731879000019 0.0014416781486943364 8
1731879000825 0.0012936037965118885 9
1731879001564 0.001477195881307125 10
1731879002272 0.0014921861002221704 11
1731879003241 0.0014834173489362001 12
1731879003955 0.002069753361865878 13
1731879004780 0.0015846416354179382 14
1731879005594 0.0019874239806085825 15
1731879006330 0.0017414558678865433 16
1731879007059 0.002018139697611332 17
1731879007873 0.001244852552190423 18
1731879008710 0.0011213506804779172 19
1731879009409 0.00257971347309649 20
1731879010099 0.0012066344497725368 21
1731879010796 0.0013995051849633455 22
1731879011844 0.0012189490953460336 23
1731879012533 0.0012366598239168525 24
1731879013362 0.0011199971195310354 25
1731879014066 0.001099735265597701 26
1731879014877 0.0010524461977183819 27
1731879015598 0.0010714993113651872 28
1731879016302 0.0013909093104302883 29
1731879017026 0.0013129869475960732 30
1731879017866 0.0012544497149065137 31
1731879018685 0.0010341155575588346 32
1731879019379 0.0011342257494106889 33
1731879020096 0.0009564748033881187 34
1731879020797 0.0010285088792443275 35
1731879021492 0.0010361685417592525 36
1731879022528 0.0009820939740166068 37
1731879023228 0.0011341603239998221 38
1731879023937 0.0010169404558837414 39
1731879024644 0.0009972010739147663 40
1731879025352 0.0009940529707819223 41
1731879026051 0.0010668649338185787 42
1731879026767 0.0009097350412048399 43
1731879027527 0.0010938175255432725 44
1731879028245 0.0014577049296349287 45
1731879028942 0.001151442644186318 46
1731879029658 0.0010493070585653186 47
1731879030353 0.0010769010987132788 48
1731879031051 0.001040303730405867 49
