1731853452572 0.0649227425456047 0
1731853453198 0.06210411339998245 1
1731853453826 0.038803450763225555 2
1731853454445 0.03821799159049988 3
1731853454955 0.04103349521756172 4
1731853455460 0.030081987380981445 5
1731853455987 0.02437501773238182 6
1731853456513 0.022593926638364792 7
1731853457069 0.01834883540868759 8
1731853457734 0.028391094878315926 9
1731853458306 0.011491792276501656 10
1731853458858 0.011351147666573524 11
1731853459648 0.018935099244117737 12
1731853460192 0.010747622698545456 13
1731853460758 0.006494930479675531 14
1731853461306 0.006716674193739891 15
1731853461859 0.005926324054598808 16
1731853462419 0.009757663123309612 17
1731853462953 0.009262824431061745 18
1731853463466 0.004496416542679071 19
1731853464079 0.004336198326200247 20
1731853464594 0.004200052469968796 21
1731853465132 0.003485446097329259 22
1731853465646 0.003500291146337986 23
1731853466149 0.0039476314559578896 24
1731853466630 0.0022787218913435936 25
1731853467168 0.0023384131491184235 26
1731853467707 0.002474940847605467 27
1731853468219 0.002654234180226922 28
1731853468853 0.0016738743288442492 29
1731853469647 0.001143283094279468 30
1731853470157 0.0013790561351925135 31
1731853470665 0.0016078128246590495 32
1731853471173 0.0009267683490179479 33
1731853471819 0.0012188497930765152 34
1731853472449 0.001700526918284595 35
1731853472959 0.0009463970782235265 36
1731853473468 0.0009369732579216361 37
1731853473992 0.0010032528080046177 38
1731853474509 0.0009257106576114893 39
1731853475016 0.00059749826323241 40
1731853475521 0.0006272213067859411 41
1731853476027 0.0007187515147961676 42
1731853476813 0.0009916842682287097 43
1731853477326 0.0006875474937260151 44
1731853477828 0.0005674538551829755 45
1731853478331 0.0006254801410250366 46
1731853478852 0.0005236098659224808 47
1731853479365 0.00046774616930633783 48
1731853479896 0.0004773094260599464 49
