1731882083596 0.05359321087598801 0
1731882084164 0.006466826889663935 1
1731882084609 0.004853949416428804 2
1731882085226 0.0039910622872412205 3
1731882085668 0.004060584120452404 4
1731882086212 0.003894335124641657 5
1731882086928 0.0032257300335913897 6
1731882087346 0.00557680381461978 7
1731882087764 0.0020116071682423353 8
1731882088211 0.0060782055370509624 9
1731882088630 0.0022807177156209946 10
1731882089048 0.002251025289297104 11
1731882089463 0.003371075028553605 12
1731882090029 0.002392333932220936 13
1731882090523 0.002760023809969425 14
1731882090945 0.001694762147963047 15
1731882091364 0.001753210905008018 16
1731882091928 0.0027670226991176605 17
1731882092351 0.0012103574117645621 18
1731882092829 0.00393676059320569 19
1731882093291 0.0014817138435319066 20
1731882093762 0.003188418224453926 21
1731882094238 0.003054830012843013 22
1731882094708 0.0032059336081147194 23
1731882095200 0.0018544726772233844 24
1731882095689 0.0036026339512318373 25
1731882096157 0.0013898472534492612 26
1731882096759 0.0019173062173649669 27
1731882097491 0.002097158692777157 28
1731882097914 0.0034905991051346064 29
1731882098332 0.0020002659875899553 30
1731882098754 0.002009017625823617 31
1731882099173 0.0023674494586884975 32
1731882099605 0.0019969407003372908 33
1731882100047 0.0012536790454760194 34
1731882100501 0.0022823577746748924 35
1731882100930 0.0013240296393632889 36
1731882101347 0.002899194834753871 37
1731882101772 0.0026473496109247208 38
1731882102215 0.0013476689346134663 39
1731882102635 0.001993308775126934 40
1731882103060 0.002502359449863434 41
1731882103483 0.002085686195641756 42
1731882103906 0.0022858306765556335 43
1731882104352 0.0013134080218151212 44
1731882104768 0.0027578058652579784 45
1731882105189 0.0020175050012767315 46
1731882105913 0.0014975080266594887 47
1731882106331 0.002236696192994714 48
1731882106771 0.0020531420595943928 49
