1731869273032 0.031223274767398834 0
1731869274165 0.007125799544155598 1
1731869275369 0.007787696085870266 2
1731869276564 0.0032850594725459814 3
1731869277554 0.004476114641875029 4
1731869278543 0.004624567460268736 5
1731869279565 0.008306923322379589 6
1731869280623 0.004579755011945963 7
1731869281794 0.0027105382177978754 8
1731869282915 0.0025086477398872375 9
1731869284031 0.0025383024476468563 10
1731869285094 0.0024887118488550186 11
1731869286108 0.0031274149660021067 12
1731869287099 0.0024277421180158854 13
1731869288102 0.003146386705338955 14
1731869289284 0.0029621128924191 15
1731869290371 0.0024955696426331997 16
1731869291549 0.002272896934300661 17
1731869292565 0.0022564923856407404 18
1731869293539 0.0018725311383605003 19
1731869294535 0.0018217520555481315 20
1731869295700 0.001735839992761612 21
1731869296730 0.0021166829392313957 22
1731869297746 0.0017911981558427215 23
1731869298870 0.001764152548275888 24
1731869299900 0.0016359443543478847 25
1731869300923 0.0017512254416942596 26
1731869301980 0.0020084180869162083 27
1731869302981 0.0015223020454868674 28
1731869304303 0.0017296308651566505 29
1731869305324 0.0022259766701608896 30
1731869306338 0.0023379246704280376 31
1731869307396 0.001839479780755937 32
1731869308610 0.0015883909072726965 33
1731869309635 0.0017595530953258276 34
1731869310670 0.0016457263845950365 35
1731869311702 0.0017416038317605853 36
1731869312851 0.00173969438765198 37
1731869313911 0.001920019742101431 38
1731869314924 0.0013960778014734387 39
1731869316264 0.001350007369183004 40
1731869317312 0.0018249626737087965 41
1731869318341 0.0024267821572721004 42
1731869319364 0.001819897210225463 43
1731869320364 0.0014249542728066444 44
1731869321539 0.0015121238538995385 45
1731869322547 0.0033653315622359514 46
1731869323619 0.001671734731644392 47
1731869324619 0.0013136642519384623 48
1731869325617 0.002108879154548049 49
