1731880371503 0.040764108300209045 0
1731880372779 0.005562454462051392 1
1731880374140 0.004237005021423101 2
1731880375283 0.00382249359972775 3
1731880376409 0.004564640577882528 4
1731880377644 0.0035632711369544268 5
1731880378937 0.003238511271774769 6
1731880380097 0.0025084882508963346 7
1731880381568 0.0027676247991621494 8
1731880382745 0.002496124245226383 9
1731880383868 0.0021756072528660297 10
1731880385168 0.002031596377491951 11
1731880386287 0.0019506373209878802 12
1731880387745 0.002118161180987954 13
1731880389036 0.0018830092158168554 14
1731880390190 0.002291704062372446 15
1731880391321 0.0022127050906419754 16
1731880392800 0.0019172522006556392 17
1731880394105 0.0017867636634036899 18
1731880395313 0.00192970538046211 19
1731880396463 0.0038063032552599907 20
1731880397681 0.0032256601843982935 21
1731880399003 0.0018973384285345674 22
1731880400155 0.0016610020538792014 23
1731880401270 0.0017380244098603725 24
1731880402454 0.0013652776833623648 25
1731880403918 0.0014365939423441887 26
1731880405065 0.001847852487117052 27
1731880406190 0.0014768606051802635 28
1731880407531 0.0016013309359550476 29
1731880408662 0.0014339318731799722 30
1731880409810 0.001450421055778861 31
1731880410938 0.0013993007596582174 32
1731880412289 0.001342521863989532 33
1731880413474 0.0014989853370934725 34
1731880414656 0.0012275007320567966 35
1731880416041 0.0017202403396368027 36
1731880417295 0.001304419944062829 37
1731880418502 0.0018486081389710307 38
1731880419674 0.0016247633611783385 39
1731880420979 0.0013446229277178645 40
1731880422153 0.001403172267600894 41
1731880423314 0.001237030839547515 42
1731880424476 0.0012311434838920832 43
1731880425614 0.0011569272028282285 44
1731880427105 0.0011403629323467612 45
1731880428267 0.0010715575190261006 46
1731880429425 0.0011133311782032251 47
1731880430561 0.0011239292798563838 48
1731880431790 0.0011018832447007298 49
