1731879131445 0.07667984068393707 0
1731879131981 0.010232108645141125 1
1731879132526 0.0034030997194349766 2
1731879133082 0.0028760191053152084 3
1731879133480 0.003397338092327118 4
1731879133878 0.0026298044249415398 5
1731879134398 0.002612609416246414 6
1731879134894 0.0027340666856616735 7
1731879135402 0.0025864392518997192 8
1731879135803 0.0031594636384397745 9
1731879136200 0.002325896406546235 10
1731879136622 0.004202220588922501 11
1731879137020 0.0026995334774255753 12
1731879137415 0.0021002290304750204 13
1731879137803 0.0019229382742196321 14
1731879138461 0.0018137414008378983 15
1731879138984 0.001809159410186112 16
1731879139386 0.0018408139003440738 17
1731879139789 0.0017796908505260944 18
1731879140298 0.001417891588062048 19
1731879140720 0.0015797293744981289 20
1731879141141 0.0016971220029518008 21
1731879141538 0.0016703505534678698 22
1731879141939 0.0018362688133493066 23
1731879142339 0.002013394609093666 24
1731879142845 0.0016057633329182863 25
1731879143262 0.0014933397760614753 26
1731879143671 0.001429180963896215 27
1731879144068 0.001594900037162006 28
1731879144466 0.002394712995737791 29
1731879144872 0.0013207683805376291 30
1731879145273 0.001253749942407012 31
1731879145694 0.0014160624705255032 32
1731879146091 0.0014687877846881747 33
1731879146495 0.0013103674864396453 34
1731879146943 0.001291855936869979 35
1731879147379 0.0013337737182155252 36
1731879147846 0.0012361342087388039 37
1731879148270 0.002131001790985465 38
1731879148781 0.0017119144322350621 39
1731879149311 0.0013871376868337393 40
1731879149710 0.001693818368948996 41
1731879150132 0.0012253555469214916 42
1731879150536 0.0011818581260740757 43
1731879150940 0.0011699707247316837 44
1731879151340 0.0012666533002629876 45
1731879151851 0.001164038898423314 46
1731879152265 0.001641833339817822 47
1731879152731 0.001270617707632482 48
1731879153217 0.0011376909678801894 49
