1731852116429 0.1959194540977478 0
1731852117288 0.059299156069755554 1
1731852117995 0.037320904433727264 2
1731852118760 0.021345071494579315 3
1731852119415 0.018186844885349274 4
1731852119992 0.01989995688199997 5
1731852120972 0.009911902248859406 6
1731852121730 0.00830872543156147 7
1731852122360 0.007190663367509842 8
1731852122906 0.006698280107229948 9
1731852123711 0.006616002880036831 10
1731852124347 0.007970168255269527 11
1731852124973 0.006185907870531082 12
1731852125623 0.005310758017003536 13
1731852126200 0.0052050333470106125 14
1731852126947 0.0051813130266964436 15
1731852127746 0.004985325504094362 16
1731852128356 0.005166302435100079 17
1731852129016 0.004797372035682201 18
1731852129607 0.005296016577631235 19
1731852130194 0.004710591863840818 20
1731852131487 0.004137907177209854 21
1731852132247 0.0047027310356497765 22
1731852133295 0.004495516885071993 23
1731852133990 0.0039593991823494434 24
1731852134728 0.007848013192415237 25
1731852135448 0.00997890718281269 26
1731852136010 0.005157714243978262 27
1731852136727 0.0037711244076490402 28
1731852137329 0.003601039294153452 29
1731852137972 0.003345697885379195 30
1731852138607 0.0033969904761761427 31
1731852139399 0.0037435393314808607 32
1731852140004 0.0033581501338630915 33
1731852140744 0.0033268884290009737 34
1731852141731 0.0034445913042873144 35
1731852142591 0.0036734079476445913 36
1731852143763 0.005978509783744812 37
1731852144377 0.0050773294642567635 38
1731852145148 0.004459966905415058 39
1731852145686 0.0037260064855217934 40
1731852146243 0.004671984817832708 41
1731852146797 0.003963799681514502 42
1731852147421 0.004093337804079056 43
1731852148048 0.0033929578494280577 44
1731852148625 0.004113785456866026 45
1731852149194 0.005180591717362404 46
1731852149748 0.0037878884468227625 47
1731852150331 0.0030946251936256886 48
1731852150936 0.0028360183350741863 49
