1731878074564 0.024589015170931816 0
1731878076126 0.00883243978023529 1
1731878077566 0.0063821314834058285 2
1731878079116 0.005304976366460323 3
1731878080556 0.0046435873955488205 4
1731878082018 0.003303768578916788 5
1731878083587 0.003581860102713108 6
1731878085001 0.0030406806617975235 7
1731878086599 0.0027807753067463636 8
1731878088148 0.002849740209057927 9
1731878089561 0.0026167426258325577 10
1731878091008 0.0022509305272251368 11
1731878092604 0.002338631544262171 12
1731878094033 0.0022074682638049126 13
1731878095486 0.0024661945644766092 14
1731878096901 0.002397208707407117 15
1731878098371 0.0021066516637802124 16
1731878099995 0.002026241272687912 17
1731878101520 0.0019192901672795415 18
1731878103001 0.0020903379190713167 19
1731878104399 0.001913943444378674 20
1731878105901 0.001809341600164771 21
1731878107350 0.0017738883616402745 22
1731878108811 0.001839159638620913 23
1731878110262 0.001813223003409803 24
1731878111715 0.0016123210079967976 25
1731878113417 0.0017203293973580003 26
1731878114820 0.0015989899402484298 27
1731878116275 0.001599311945028603 28
1731878117706 0.0016423908527940512 29
1731878119177 0.0016981371445581317 30
1731878120602 0.001541230478323996 31
1731878122147 0.0015533393016085029 32
1731878123625 0.0015317905927076936 33
1731878125045 0.0016467252280563116 34
1731878126684 0.0015277067432180047 35
1731878128172 0.0015936779091134667 36
1731878129593 0.0015073466347530484 37
1731878131037 0.0014384905807673931 38
1731878132489 0.001608754275366664 39
1731878134205 0.0015563666820526123 40
1731878135690 0.0015630113193765283 41
1731878137112 0.0013961184304207563 42
1731878138557 0.0014565386809408665 43
1731878140177 0.001471500494517386 44
1731878141597 0.0014090066542848945 45
1731878143217 0.0014775440795347095 46
1731878144700 0.0013541342923417687 47
1731878146184 0.0014054598286747932 48
1731878147679 0.0012672101147472858 49
