1731878168835 0.021746870130300522 0
1731878171259 0.007412102539092302 1
1731878173515 0.007740456610918045 2
1731878175791 0.004895057994872332 3
1731878178172 0.0039434474892914295 4
1731878180576 0.0036742384545505047 5
1731878182806 0.003459729254245758 6
1731878185173 0.0029824955854564905 7
1731878187340 0.0030864402651786804 8
1731878189630 0.002520096255466342 9
1731878192035 0.002466151723638177 10
1731878194598 0.002281470689922571 11
1731878197073 0.0024319577496498823 12
1731878199339 0.0023050226736813784 13
1731878201742 0.0023463533725589514 14
1731878204018 0.002135776448994875 15
1731878206431 0.002271227305755019 16
1731878208686 0.0021583731286227703 17
1731878211049 0.0019141148077324033 18
1731878213279 0.002075803466141224 19
1731878215538 0.0019156028283759952 20
1731878217904 0.002097712829709053 21
1731878220369 0.0015429096529260278 22
1731878222602 0.001867125742137432 23
1731878224855 0.0017993474612012506 24
1731878227086 0.0016152093885466456 25
1731878229321 0.0014717044541612267 26
1731878231548 0.0017491222824901342 27
1731878233777 0.001394027378410101 28
1731878236211 0.0017882105894386768 29
1731878238440 0.0014774943701922894 30
1731878240705 0.001553435460664332 31
1731878242933 0.0016824459889903665 32
1731878245587 0.0016801835736259818 33
1731878247899 0.001715691527351737 34
1731878250492 0.001529327710159123 35
1731878252770 0.0017145583406090736 36
1731878255141 0.0014963311841711402 37
1731878257440 0.0014932663179934025 38
1731878259714 0.001635040738619864 39
1731878261945 0.001378232496790588 40
1731878264395 0.0015990108950063586 41
1731878266633 0.0014846440171822906 42
1731878269064 0.001443701796233654 43
1731878271391 0.0016468355897814035 44
1731878273663 0.0014648435171693563 45
1731878275929 0.0013076403411105275 46
1731878278316 0.001563842175528407 47
1731878280589 0.0014279453316703439 48
1731878282795 0.001460483530536294 49
