1731893069347 0.026123957708477974 0
1731893070049 0.006183539517223835 1
1731893070746 0.005401303991675377 2
1731893071467 0.004263819195330143 3
1731893072159 0.005264213774353266 4
1731893072779 0.004108622670173645 5
1731893073421 0.0030927134212106466 6
1731893074366 0.0037613033782690763 7
1731893075059 0.0027952136006206274 8
1731893075745 0.002845651935786009 9
1731893076456 0.00223107123747468 10
1731893077056 0.0032483397517353296 11
1731893077650 0.0020125717855989933 12
1731893078245 0.0026842658407986164 13
1731893078870 0.002807960147038102 14
1731893079462 0.0019456894369795918 15
1731893080053 0.0025062907952815294 16
1731893080743 0.0025539847556501627 17
1731893081356 0.003008863888680935 18
1731893082050 0.0018832002533599734 19
1731893082646 0.002208119723945856 20
1731893083268 0.0016757642151787877 21
1731893083851 0.0023762001655995846 22
1731893084702 0.0018470777431502938 23
1731893085293 0.0019015936413779855 24
1731893086014 0.0017519788816571236 25
1731893086615 0.0025834725238382816 26
1731893087227 0.0019113707821816206 27
1731893087813 0.0021484398748725653 28
1731893088422 0.0019693635404109955 29
1731893089016 0.0025686074513942003 30
1731893089709 0.0019519987981766462 31
1731893090325 0.0018912750529125333 32
1731893090920 0.0018795398063957691 33
1731893091510 0.0014165259199216962 34
1731893092100 0.001960490131750703 35
1731893092707 0.0016001693438738585 36
1731893093302 0.0015538170700892806 37
1731893093897 0.001539971912279725 38
1731893094488 0.0019663474522531033 39
1731893095105 0.0018220829078927636 40
1731893095693 0.001679078210145235 41
1731893096433 0.0018874768866226077 42
1731893097020 0.001831541070714593 43
1731893097635 0.0018044079188257456 44
1731893098230 0.001481414888985455 45
1731893098820 0.001840699347667396 46
1731893099414 0.0014890074962750077 47
1731893100035 0.0018831498455256224 48
1731893100714 0.0016965976683422923 49
