1731880840360 0.03177880495786667 0
1731880841172 0.011114132590591908 1
1731880841964 0.00765045452862978 2
1731880842604 0.007540132384747267 3
1731880843418 0.00492287939414382 4
1731880844208 0.0054030329920351505 5
1731880844846 0.00558138033375144 6
1731880845478 0.004547204356640577 7
1731880846139 0.004004555754363537 8
1731880846773 0.003038958180695772 9
1731880847772 0.0053978874348104 10
1731880848599 0.0029995511285960674 11
1731880849228 0.003105355193838477 12
1731880849860 0.003190472722053528 13
1731880850504 0.004218759015202522 14
1731880851160 0.0030974873807281256 15
1731880851794 0.002864197129383683 16
1731880852457 0.003254309296607971 17
1731880853119 0.00253271940164268 18
1731880853750 0.003684121882542968 19
1731880854376 0.0018620905466377735 20
1731880855162 0.0028289726469665766 21
1731880855823 0.0035059794317930937 22
1731880856451 0.0022858851589262486 23
1731880857094 0.002770389663055539 24
1731880857765 0.0026313327252864838 25
1731880858401 0.0022331420332193375 26
1731880859104 0.0026663539465516806 27
1731880859832 0.002768564037978649 28
1731880860642 0.00240009231492877 29
1731880861264 0.0029257822316139936 30
1731880862049 0.0021848042961210012 31
1731880862740 0.0025079341139644384 32
1731880863373 0.0022952165454626083 33
1731880864010 0.001969641540199518 34
1731880864644 0.0023623702581971884 35
1731880865316 0.002185674151405692 36
1731880865949 0.0020395147148519754 37
1731880866578 0.002025884808972478 38
1731880867238 0.0021441103890538216 39
1731880867911 0.0018408304313197732 40
1731880868535 0.0024876149836927652 41
1731880869171 0.0018497719429433346 42
1731880869833 0.0027281674556434155 43
1731880870794 0.001935256295837462 44
1731880871422 0.0018884188029915094 45
1731880872057 0.0020465797279030085 46
1731880872909 0.002227002289146185 47
1731880873530 0.0020975740626454353 48
1731880874310 0.002044221619144082 49
