1731852333447 0.20673877000808716 0
1731852334083 0.18075250089168549 1
1731852334696 0.17092090845108032 2
1731852335347 0.16747170686721802 3
1731852335967 0.16649043560028076 4
1731852336634 0.16623824834823608 5
1731852337343 0.16618439555168152 6
1731852337999 0.16617518663406372 7
1731852339049 0.1661737710237503 8
1731852339880 0.16617362201213837 9
1731852340511 0.16617360711097717 10
1731852341045 0.16617359220981598 11
1731852341560 0.16617360711097717 12
1731852342093 0.16617360711097717 13
1731852342631 0.16617360711097717 14
1731852343165 0.16617360711097717 15
1731852343689 0.16617362201213837 16
1731852344228 0.16617360711097717 17
1731852344777 0.16617362201213837 18
1731852345312 0.16617360711097717 19
1731852345878 0.16526995599269867 20
1731852346523 0.11536918580532074 21
1731852347202 0.04423362389206886 22
1731852347940 0.025702981278300285 23
1731852348469 0.024601846933364868 24
1731852349015 0.035031404346227646 25
1731852349827 0.02327362447977066 26
1731852350457 0.01756066083908081 27
1731852351098 0.00976248737424612 28
1731852351823 0.021647166460752487 29
1731852352426 0.011525426991283894 30
1731852353075 0.00936631578952074 31
1731852353599 0.009209566749632359 32
1731852354256 0.0071432581171393394 33
1731852354777 0.01641397550702095 34
1731852355319 0.021181564778089523 35
1731852355960 0.0090273292735219 36
1731852356513 0.0063715833239257336 37
1731852357060 0.0062825120985507965 38
1731852357579 0.0057375626638531685 39
1731852358120 0.009413319639861584 40
1731852358813 0.007474140264093876 41
1731852359355 0.00652456097304821 42
1731852359896 0.004860376939177513 43
1731852360424 0.005445456597954035 44
1731852361025 0.0047631640918552876 45
1731852361719 0.006837925408035517 46
1731852362262 0.00610637990757823 47
1731852362785 0.004833480808883905 48
1731852363325 0.004471210762858391 49
