1731879518720 0.1663033813238144 0
1731879519533 0.16572214663028717 1
1731879520321 0.16533567011356354 2
1731879521106 0.16508011519908905 3
1731879521925 0.1649116575717926 4
1731879522701 0.16480034589767456 5
1731879523472 0.16472849249839783 6
1731879524281 0.1646811068058014 7
1731879525231 0.16465049982070923 8
1731879526002 0.16463038325309753 9
1731879526812 0.16461747884750366 10
1731879527613 0.16460897028446198 11
1731879528380 0.16460350155830383 12
1731879529190 0.16459991037845612 13
1731879530118 0.16459761559963226 14
1731879530894 0.1645960807800293 15
1731879531712 0.1645950824022293 16
1731879532511 0.16459444165229797 17
1731879533293 0.16459403932094574 18
1731879534100 0.16459377110004425 19
1731879534877 0.16459360718727112 20
1731879535838 0.16459350287914276 21
1731879536512 0.16459344327449799 22
1731879537316 0.1645933836698532 23
1731879537961 0.16459336876869202 24
1731879538581 0.16459332406520844 25
1731879539359 0.16459332406520844 26
1731879540018 0.16459332406520844 27
1731879540670 0.16459330916404724 28
1731879541334 0.16459330916404724 29
1731879542261 0.16459327936172485 30
1731879542905 0.16459330916404724 31
1731879543575 0.16459327936172485 32
1731879544220 0.16459332406520844 33
1731879544861 0.16459329426288605 34
1731879545544 0.16459332406520844 35
1731879546237 0.16459332406520844 36
1731879546993 0.16459329426288605 37
1731879547713 0.16459327936172485 38
1731879548413 0.16459327936172485 39
1731879549261 0.16459326446056366 40
1731879549937 0.16459329426288605 41
1731879550647 0.16459329426288605 42
1731879551327 0.16459329426288605 43
1731879552012 0.16459329426288605 44
1731879552733 0.16459327936172485 45
1731879553417 0.16459329426288605 46
1731879554079 0.16459330916404724 47
1731879554721 0.16459327936172485 48
1731879555402 0.16459332406520844 49
