1731880163245 0.026150766760110855 0
1731880164096 0.00395612046122551 1
1731880164948 0.0029086994472891092 2
1731880165658 0.0026542707346379757 3
1731880166346 0.00307326833717525 4
1731880167201 0.00225236639380455 5
1731880167923 0.005254155956208706 6
1731880168613 0.002435361733660102 7
1731880169293 0.002026535337790847 8
1731880170406 0.001914932974614203 9
1731880171191 0.002145313424989581 10
1731880171895 0.0018188086105510592 11
1731880172638 0.0017532572383061051 12
1731880173623 0.0019048063550144434 13
1731880174379 0.0020350420381873846 14
1731880175411 0.001757515943609178 15
1731880176194 0.0015526242787018418 16
1731880177056 0.0017517382511869073 17
1731880177771 0.0014582134317606688 18
1731880178459 0.0020930550526827574 19
1731880179151 0.001991952769458294 20
1731880179904 0.0015841700369492173 21
1731880180590 0.0020816230680793524 22
1731880181602 0.0015605646185576916 23
1731880182326 0.001667098724283278 24
1731880183181 0.0013235773658379912 25
1731880184029 0.0012807832099497318 26
1731880184775 0.0014668497024104 27
1731880185469 0.001263399375602603 28
1731880186200 0.0013503925874829292 29
1731880186914 0.0013744968455284834 30
1731880187621 0.0012618390610441566 31
1731880188483 0.001307373633608222 32
1731880189178 0.0011983588337898254 33
1731880190251 0.0012145829387009144 34
1731880190980 0.0013032011920586228 35
1731880191757 0.001608399674296379 36
1731880192714 0.0011876425705850124 37
1731880193671 0.0010840657632797956 38
1731880194392 0.0011569125344976783 39
1731880196439 0.0012966265203431249 40
1731880197226 0.0011144966119900346 41
1731880197942 0.0017523322021588683 42
1731880198659 0.0019292354118078947 43
1731880199577 0.001201109611429274 44
1731880200351 0.0028744363225996494 45
1731880201343 0.0012161824852228165 46
1731880202094 0.0010574127081781626 47
1731880202814 0.0013553873868659139 48
1731880203531 0.0012684593675658107 49
