1731892480653 0.16706688702106476 0
1731892482096 0.08866728842258453 1
1731892483652 0.004506672266870737 2
1731892485226 0.002959198784083128 3
1731892486894 0.0016035337466746569 4
1731892488149 0.0023914137855172157 5
1731892489369 0.002292077289894223 6
1731892490759 0.0026624740567058325 7
1731892492122 0.0016443711938336492 8
1731892493455 0.0022806760389357805 9
1731892494686 0.0018754050834104419 10
1731892496007 0.001862277276813984 11
1731892497241 0.0018816213123500347 12
1731892498510 0.003392185550183058 13
1731892499734 0.0013309026835486293 14
1731892500988 0.0012897448614239693 15
1731892502496 0.0014987833565101027 16
1731892504095 0.0013550117146223783 17
1731892505379 0.0014577977126464248 18
1731892506636 0.00211605173535645 19
1731892507910 0.0043207998387515545 20
1731892509283 0.0011968808248639107 21
1731892510544 0.0012035025283694267 22
1731892511770 0.001288499333895743 23
1731892513185 0.0011865716660395265 24
1731892514429 0.0011023912811651826 25
1731892515674 0.0011818113271147013 26
1731892516927 0.001318224472925067 27
1731892518327 0.001321704825386405 28
1731892519709 0.0010495628230273724 29
1731892521074 0.0010359749430790544 30
1731892522341 0.0010432846611365676 31
1731892523608 0.0014920321991667151 32
1731892524858 0.0011625769548118114 33
1731892526098 0.001123740104958415 34
1731892527367 0.0017430015141144395 35
1731892528613 0.0012708595022559166 36
1731892529875 0.0010610409080982208 37
1731892531109 0.0016314914682880044 38
1731892532358 0.0014582877047359943 39
1731892533896 0.0011942199198529124 40
1731892535209 0.0011068587191402912 41
1731892536463 0.000998802832327783 42
1731892537735 0.0012829297920688987 43
1731892539005 0.0012658847263082862 44
1731892540333 0.0010597469517961144 45
1731892541576 0.0011569027556106448 46
1731892542856 0.0010456599993631244 47
1731892544116 0.0009706501732580364 48
1731892545349 0.0009447284392081201 49
