1731852743891 0.18134571611881256 0
1731852744495 0.17259180545806885 1
1731852745098 0.16902652382850647 2
1731852745825 0.1677626073360443 3
1731852746425 0.16735748946666718 4
1731852747004 0.1672484576702118 5
1731852747665 0.16722358763217926 6
1731852748290 0.16721908748149872 7
1731852749030 0.16721831262111664 8
1731852749637 0.16721822321414948 9
1731852750171 0.16721820831298828 10
1731852750738 0.1672181636095047 11
1731852751269 0.16721822321414948 12
1731852751761 0.16721820831298828 13
1731852752272 0.16721820831298828 14
1731852752786 0.1672181934118271 15
1731852753295 0.16721820831298828 16
1731852753777 0.1672181934118271 17
1731852754272 0.16721820831298828 18
1731852754761 0.16721820831298828 19
1731852755285 0.1672181934118271 20
1731852755770 0.1672181636095047 21
1731852756274 0.16721822321414948 22
1731852756757 0.1672181785106659 23
1731852757280 0.16721820831298828 24
1731852757772 0.1672181934118271 25
1731852758322 0.1672181934118271 26
1731852758893 0.1672181934118271 27
1731852759419 0.16721822321414948 28
1731852759939 0.1672181934118271 29
1731852760582 0.1672181785106659 30
1731852761067 0.16721820831298828 31
1731852761572 0.1672181934118271 32
1731852762085 0.1672181785106659 33
1731852762590 0.1672181934118271 34
1731852763074 0.1672181785106659 35
1731852763572 0.1672181785106659 36
1731852764075 0.16721820831298828 37
1731852764578 0.1672181934118271 38
1731852765065 0.1672181934118271 39
1731852765565 0.1672181934118271 40
1731852766049 0.16721820831298828 41
1731852766571 0.1672181934118271 42
1731852767064 0.1672181934118271 43
1731852767560 0.16721820831298828 44
1731852768040 0.1672181934118271 45
1731852768557 0.16721822321414948 46
1731852769047 0.16721820831298828 47
1731852769534 0.1672181934118271 48
1731852770026 0.16721820831298828 49
