1731868852152 0.0521206259727478 0
1731868852818 0.005903426557779312 1
1731868853565 0.003617852693423629 2
1731868854317 0.0026312638074159622 3
1731868854944 0.0021760701201856136 4
1731868855535 0.0023665193002671003 5
1731868856401 0.0018388907192274928 6
1731868857007 0.0027839222457259893 7
1731868857707 0.0020204600878059864 8
1731868858363 0.0018172822892665863 9
1731868858924 0.0019078882178291678 10
1731868859465 0.0017789137782528996 11
1731868860120 0.0014339773915708065 12
1731868860698 0.0023192535154521465 13
1731868861229 0.0025759206619113684 14
1731868861773 0.0019969770219177008 15
1731868862300 0.0020132302306592464 16
1731868862867 0.0013596180360764265 17
1731868863564 0.001883466262370348 18
1731868864166 0.002214989624917507 19
1731868864769 0.001627196092158556 20
1731868865515 0.0017191381193697453 21
1731868866062 0.0015949440421536565 22
1731868866641 0.001625697361305356 23
1731868867196 0.0013849789975211024 24
1731868867751 0.0025319810956716537 25
1731868868349 0.0022580758668482304 26
1731868868999 0.0021736854687333107 27
1731868869654 0.002011319389566779 28
1731868870319 0.0017989983316510916 29
1731868870935 0.0019780148286372423 30
1731868871506 0.0013545951806008816 31
1731868872028 0.0013210708275437355 32
1731868872607 0.0012832509819418192 33
1731868873167 0.0013105873949825764 34
1731868873730 0.001226241933181882 35
1731868874261 0.0013324052561074495 36
1731868874844 0.0014419242506846786 37
1731868875644 0.0013738968409597874 38
1731868876166 0.0013974661706015468 39
1731868876736 0.002160840667784214 40
1731868877293 0.0016084444941952825 41
1731868877938 0.0013184626586735249 42
1731868878497 0.0011221939930692315 43
1731868879027 0.0012333424529060721 44
1731868879716 0.001382678747177124 45
1731868880247 0.0014923177659511566 46
1731868880801 0.0012484891340136528 47
1731868881683 0.0012641858775168657 48
1731868882243 0.002527449745684862 49
