1731869026507 0.10656837373971939 0
1731869027581 0.01740317791700363 1
1731869028573 0.013920082710683346 2
1731869029929 0.010428880341351032 3
1731869031022 0.027537496760487556 4
1731869031990 0.011545082554221153 5
1731869033001 0.010787466540932655 6
1731869033975 0.006737261079251766 7
1731869034951 0.0040074060671031475 8
1731869035988 0.0026676885318011045 9
1731869037106 0.0030019779223948717 10
1731869038126 0.002875401871278882 11
1731869039208 0.002904805587604642 12
1731869040425 0.0022546660620719194 13
1731869041411 0.003052471438422799 14
1731869042554 0.0026107465382665396 15
1731869043767 0.0023258680012077093 16
1731869044882 0.002565925009548664 17
1731869045883 0.002231186954304576 18
1731869046861 0.002211170271039009 19
1731869047904 0.0020682604517787695 20
1731869048925 0.002037875819951296 21
1731869049940 0.0022670601028949022 22
1731869050933 0.0026266456115990877 23
1731869052202 0.0020547653548419476 24
1731869053350 0.0019344249740242958 25
1731869054468 0.0020252130925655365 26
1731869055493 0.002167674945667386 27
1731869056484 0.0040920390747487545 28
1731869057539 0.0028392616659402847 29
1731869058557 0.0018453418742865324 30
1731869059668 0.0021466745529323816 31
1731869060653 0.002193733351305127 32
1731869061850 0.001865708502009511 33
1731869062881 0.001677271444350481 34
1731869063950 0.0017269912641495466 35
1731869065102 0.0017063156701624393 36
1731869066092 0.002140013501048088 37
1731869067116 0.001908809063024819 38
1731869068274 0.0020248028449714184 39
1731869069296 0.0016617132350802422 40
1731869070290 0.0018931094091385603 41
1731869071333 0.001578815863467753 42
1731869072330 0.001972264377400279 43
1731869073663 0.001951678073965013 44
1731869074660 0.0016858185408636928 45
1731869075652 0.002197988796979189 46
1731869076701 0.0024522768799215555 47
1731869077794 0.002053613541647792 48
1731869078862 0.0026209584902971983 49
