1731849083331 0.04798789694905281 0
1731849084437 0.02391102723777294 1
1731849085486 0.01712954230606556 2
1731849086563 0.011535143479704857 3
1731849087597 0.007254336960613728 4
1731849088661 0.004154845606535673 5
1731849089937 0.0022166722919791937 6
1731849091039 0.001309493905864656 7
1731849092074 0.0008842248353175819 8
1731849093148 0.0007186322472989559 9
1731849094207 0.0006470239604823291 10
1731849095166 0.0006395248346962035 11
1731849096157 0.0006213701562955976 12
1731849097182 0.0006294495542533696 13
1731849098333 0.0006143086357042193 14
1731849099316 0.0006287755677476525 15
1731849100330 0.0006170725682750344 16
1731849101306 0.0006316342041827738 17
1731849102287 0.0006108222878538072 18
1731849103306 0.000622798630502075 19
1731849104285 0.0006198657210916281 20
1731849105318 0.0006201737560331821 21
1731849106306 0.000614929711446166 22
1731849107302 0.0006204215460456908 23
1731849108299 0.0006207773694768548 24
1731849109305 0.0005951008060947061 25
1731849110427 0.0006182697834447026 26
1731849111413 0.0006123097846284509 27
1731849112482 0.0006157769821584225 28
1731849113461 0.000613753218203783 29
1731849114495 0.0006082784966565669 30
1731849115490 0.0006127852248027921 31
1731849116514 0.0006159424083307385 32
1731849117511 0.0006129821413196623 33
1731849118515 0.0006021680310368538 34
1731849119675 0.0006145004881545901 35
1731849120662 0.0006050516967661679 36
1731849121708 0.0006121518090367317 37
1731849122710 0.0006159988115541637 38
1731849123732 0.0006179429474286735 39
1731849124719 0.0006139504257589579 40
1731849125725 0.0006014062673784792 41
1731849126784 0.0006080022430978715 42
1731849127779 0.0006121203768998384 43
1731849128831 0.0006005718605592847 44
1731849129970 0.0006122583872638643 45
1731849130989 0.0006115501164458692 46
1731849131976 0.0006020942819304764 47
1731849132981 0.0006109267706051469 48
1731849133990 0.0006090956158004701 49
1731849134985 0.0006111740949563682 50
1731849135985 0.0006066283094696701 51
1731849136983 0.0005950885824859142 52
1731849138022 0.0006035450496710837 53
1731849139151 0.0006086474168114364 54
1731849140181 0.0006044752080924809 55
1731849141177 0.0006044295732863247 56
1731849142247 0.0006083593470975757 57
1731849143244 0.0006052061216905713 58
1731849144254 0.0006061819149181247 59
1731849145276 0.0006019992288202047 60
1731849146257 0.0005986185860820115 61
1731849147398 0.0006056238198652864 62
1731849148678 0.0005984245799481869 63
1731849149803 0.0005983466980978847 64
1731849150816 0.0005976437241770327 65
1731849151834 0.000598609447479248 66
1731849152852 0.0006028045318089426 67
1731849153892 0.0005937219248153269 68
1731849154877 0.0005915395449846983 69
1731849155900 0.0005952958017587662 70
1731849156944 0.0005973481456749141 71
1731849158127 0.0005976017564535141 72
1731849159114 0.0005868634907528758 73
1731849160111 0.0005809819558635354 74
1731849161145 0.0005961104179732502 75
1731849162130 0.000579287763684988 76
1731849163170 0.0005982504226267338 77
1731849164315 0.0005932806525379419 78
1731849165417 0.0005977079854346812 79
1731849166471 0.0005890335887670517 80
1731849167550 0.0005929107428528368 81
1731849168561 0.0005899876705370843 82
1731849169756 0.0005864374688826501 83
1731849170918 0.0005986979231238365 84
1731849172135 0.0005888017476536334 85
1731849173410 0.0005896100774407387 86
1731849174549 0.0005900581600144506 87
1731849175580 0.0005697724991478026 88
1731849176611 0.0005935157532803714 89
1731849177661 0.000589726201724261 90
1731849178676 0.0005949147744104266 91
1731849179690 0.0005905738798901439 92
1731849180860 0.0005914005450904369 93
1731849181888 0.0005852695903740823 94
1731849182959 0.000588832248467952 95
1731849184124 0.0005837971693836153 96
1731849185130 0.0005784248351119459 97
1731849186149 0.0005897272494621575 98
1731849187187 0.0005847993888892233 99
