1731872435762 0.03601272776722908 0
1731872437071 0.019643394276499748 1
1731872438248 0.012648548930883408 2
1731872439404 0.007685579359531403 3
1731872440647 0.0074109723791480064 4
1731872441718 0.007215376477688551 5
1731872442874 0.004856830462813377 6
1731872444034 0.006339581683278084 7
1731872445334 0.0051253968849778175 8
1731872446520 0.005216433200985193 9
1731872448031 0.002973521128296852 10
1731872449364 0.0042718276381492615 11
1731872450539 0.0027778265066444874 12
1731872451948 0.003675513667985797 13
1731872453215 0.003864649450406432 14
1731872454362 0.004014927428215742 15
1731872455594 0.003079191083088517 16
1731872456844 0.003126399824395776 17
1731872458159 0.0030634666327387094 18
1731872459463 0.0031278999522328377 19
1731872460594 0.0035123766865581274 20
1731872462000 0.002583663212135434 21
1731872463159 0.002481551840901375 22
1731872464411 0.002847496420145035 23
1731872465566 0.002534509403631091 24
1731872466860 0.0024271435104310513 25
1731872467991 0.002767946571111679 26
1731872469268 0.0019485990051180124 27
1731872470529 0.0028046348597854376 28
1731872471669 0.002360341604799032 29
1731872472813 0.0023233010433614254 30
1731872473894 0.0020505611319094896 31
1731872475258 0.0018316659843549132 32
1731872476309 0.0022021790500730276 33
1731872477407 0.0026429311838001013 34
1731872478521 0.0018609461840242147 35
1731872479756 0.002214292995631695 36
1731872480792 0.00256788800470531 37
1731872481827 0.0019083787919953465 38
1731872482890 0.0027217247989028692 39
1731872484145 0.0019694340880960226 40
1731872485683 0.0021560685709118843 41
1731872486870 0.001880669966340065 42
1731872487964 0.0020039353985339403 43
1731872489056 0.0018718740902841091 44
1731872490183 0.0016468495596200228 45
1731872491196 0.002163207158446312 46
1731872492287 0.001788688008673489 47
1731872493358 0.0022641655523329973 48
1731872494401 0.001782830455340445 49
