1731869149455 0.033712681382894516 0
1731869150559 0.008829886093735695 1
1731869151849 0.00608630059286952 2
1731869152923 0.0034053679555654526 3
1731869153969 0.003940439783036709 4
1731869155079 0.0053581055253744125 5
1731869156079 0.0038050010334700346 6
1731869157155 0.00283070164732635 7
1731869158313 0.002238247310742736 8
1731869159387 0.0027435931842774153 9
1731869160449 0.002896510995924473 10
1731869161481 0.0023987549357116222 11
1731869162955 0.00201833201572299 12
1731869164028 0.002223059767857194 13
1731869165116 0.002428831299766898 14
1731869166143 0.002119864337146282 15
1731869167209 0.002318087499588728 16
1731869168294 0.001964138587936759 17
1731869169420 0.0023457950446754694 18
1731869170512 0.0025826040655374527 19
1731869171822 0.0019199018133804202 20
1731869172952 0.0020100038964301348 21
1731869174033 0.002592799486592412 22
1731869175200 0.0025087210815399885 23
1731869176207 0.0023817692417651415 24
1731869177348 0.0015496066771447659 25
1731869178459 0.001831280067563057 26
1731869179501 0.0019122549565508962 27
1731869180771 0.0016592920292168856 28
1731869181762 0.0016495108138769865 29
1731869182763 0.0015652452129870653 30
1731869183771 0.0015558151062577963 31
1731869184826 0.0015543519984930754 32
1731869185913 0.00143280322663486 33
1731869187035 0.0013660541735589504 34
1731869188380 0.001773105701431632 35
1731869189420 0.0030766224954277277 36
1731869190415 0.0015163670759648085 37
1731869191443 0.0016443290514871478 38
1731869192446 0.0017325953813269734 39
1731869193660 0.0012492256937548518 40
1731869194696 0.00144402333535254 41
1731869195825 0.001300450530834496 42
1731869196819 0.0013586675049737096 43
1731869197848 0.0046575041487813 44
1731869198871 0.004798592068254948 45
1731869199904 0.002129104919731617 46
1731869201039 0.0013863088097423315 47
1731869202035 0.001551739638671279 48
1731869203107 0.0018207788234576583 49
