1731861260124 0.10790400952100754 0
1731861260788 0.05464744567871094 1
1731861261428 0.02649248205125332 2
1731861261950 0.06620071083307266 3
1731861262479 0.02596167102456093 4
1731861263131 0.020299086347222328 5
1731861263744 0.01296256110072136 6
1731861264407 0.011554566211998463 7
1731861264928 0.010867780074477196 8
1731861265469 0.0106783052906394 9
1731861266246 0.009488200768828392 10
1731861266891 0.009576738812029362 11
1731861267558 0.008474303409457207 12
1731861268074 0.008217829279601574 13
1731861268717 0.009228982031345367 14
1731861269235 0.008279417641460896 15
1731861269780 0.007571297697722912 16
1731861270300 0.0068717352114617825 17
1731861270824 0.006740868557244539 18
1731861271468 0.0063028703443706036 19
1731861272011 0.006118172779679298 20
1731861272828 0.0060555036179721355 21
1731861273344 0.00584922032430768 22
1731861273973 0.005382259376347065 23
1731861274519 0.005173243582248688 24
1731861275171 0.005103350151330233 25
1731861275820 0.005079920403659344 26
1731861276348 0.004834337625652552 27
1731861276885 0.004767259117215872 28
1731861277410 0.004492178093641996 29
1731861277923 0.0042982157319784164 30
1731861278551 0.005595568101853132 31
1731861279062 0.005696815904229879 32
1731861279582 0.004697580821812153 33
1731861280361 0.003952454775571823 34
1731861281002 0.0037046298384666443 35
1731861281545 0.004224022850394249 36
1731861282173 0.003727855859324336 37
1731861282692 0.0035341279581189156 38
1731861283217 0.003629316110163927 39
1731861284033 0.00329014053568244 40
1731861284567 0.003362082177773118 41
1731861285199 0.003347111865878105 42
1731861285869 0.0031751710921525955 43
1731861286403 0.0032672800589352846 44
1731861287045 0.003097905544564128 45
1731861287680 0.0037434506230056286 46
1731861288193 0.002962108002975583 47
1731861288735 0.0029320488683879375 48
1731861289253 0.0027351058088243008 49
