1731883783369 0.17152221500873566 0
1731883784855 0.1703014373779297 1
1731883786302 0.16937564313411713 2
1731883787792 0.1686447113752365 3
1731883789479 0.16807575523853302 4
1731883790966 0.1676410734653473 5
1731883792529 0.1673021912574768 6
1731883794187 0.1670392006635666 7
1731883795774 0.16683751344680786 8
1731883797308 0.1321042776107788 9
1731883798988 0.03226547688245773 10
1731883800818 0.04687093570828438 11
1731883802097 0.019216245040297508 12
1731883803438 0.018595745787024498 13
1731883804736 0.009498585015535355 14
1731883806052 0.010806770995259285 15
1731883807336 0.00962933897972107 16
1731883808686 0.003720445092767477 17
1731883810386 0.008706513792276382 18
1731883811682 0.007408502511680126 19
1731883813185 0.0029347373638302088 20
1731883814473 0.013395258225500584 21
1731883815954 0.005110252648591995 22
1731883817236 0.003268654691055417 23
1731883818580 0.008191481232643127 24
1731883819882 0.0028512217104434967 25
1731883821379 0.0039646560326218605 26
1731883822889 0.0033176038414239883 27
1731883824211 0.00614929897710681 28
1731883825504 0.00366115546785295 29
1731883826796 0.0019683311693370342 30
1731883828162 0.007129530888050795 31
1731883829473 0.0026627290062606335 32
1731883830793 0.00440895976498723 33
1731883832092 0.0015874046366661787 34
1731883833476 0.003956778906285763 35
1731883834903 0.003669737372547388 36
1731883836795 0.0034737708047032356 37
1731883838444 0.001662081340327859 38
1731883839845 0.004095599986612797 39
1731883841251 0.0026237310376018286 40
1731883842615 0.00322887790389359 41
1731883844046 0.0016308967024087906 42
1731883845340 0.0036868697497993708 43
1731883847058 0.0022513065487146378 44
1731883848382 0.002739526564255357 45
1731883849705 0.0025178883224725723 46
1731883851030 0.00260064285248518 47
1731883852290 0.002027579816058278 48
1731883853612 0.0024110868107527494 49
