1731883275536 0.06316407024860382 0
1731883275845 0.03587114065885544 1
1731883276169 0.02679251693189144 2
1731883276490 0.014776477590203285 3
1731883276816 0.009090141393244267 4
1731883277002 0.007681774906814098 5
1731883277504 0.006609915290027857 6
1731883277723 0.006293195765465498 7
1731883277906 0.005166791845113039 8
1731883278217 0.005232103168964386 9
1731883278442 0.0045297034084796906 10
1731883278800 0.005000737961381674 11
1731883278990 0.00410902313888073 12
1731883279346 0.003783960361033678 13
1731883279651 0.0034906656946986914 14
1731883279836 0.004524244461208582 15
1731883280039 0.002854089718312025 16
1731883280221 0.003528379602357745 17
1731883280533 0.0033702042419463396 18
1731883280716 0.0031025558710098267 19
1731883280901 0.003260173602029681 20
1731883281111 0.0035290024243295193 21
1731883281297 0.0032018120400607586 22
1731883281475 0.0032064071856439114 23
1731883281656 0.0031691479962319136 24
1731883281842 0.002944614039734006 25
1731883282016 0.0025256150402128696 26
1731883282370 0.002673078328371048 27
1731883282724 0.0029565973673015833 28
1731883283035 0.002798123052343726 29
1731883283337 0.0036587086506187916 30
1731883283530 0.0023267646320164204 31
1731883283713 0.0024086013436317444 32
1731883283892 0.0029484236147254705 33
1731883284080 0.003367111086845398 34
1731883284260 0.002065646229311824 35
1731883284440 0.0023598431143909693 36
1731883284765 0.0026283080223947763 37
1731883284975 0.0029027159325778484 38
1731883285156 0.002160413656383753 39
1731883285337 0.0026182890869677067 40
1731883285514 0.0024849269539117813 41
1731883285692 0.0021413140930235386 42
1731883285871 0.002205096883699298 43
1731883286081 0.0027049207128584385 44
1731883286274 0.0018433576915413141 45
1731883286626 0.0022695439402014017 46
1731883286946 0.002032351912930608 47
1731883287169 0.002582813147455454 48
1731883287511 0.0019847017247229815 49
