1731867377165 0.03826238587498665 0
1731867378199 0.009162438102066517 1
1731867379289 0.005342494696378708 2
1731867380030 0.0066023413091897964 3
1731867380642 0.0094637805595994 4
1731867381383 0.003791459370404482 5
1731867382449 0.0035747040528804064 6
1731867383587 0.0029585619922727346 7
1731867384444 0.0030850206967443228 8
1731867385630 0.002832799218595028 9
1731867386521 0.0030377500224858522 10
1731867387495 0.0026695679407566786 11
1731867388766 0.0034993484150618315 12
1731867389937 0.003964921925216913 13
1731867390836 0.003395356237888336 14
1731867391557 0.0026935460045933723 15
1731867392394 0.003913416992872953 16
1731867393166 0.005692220758646727 17
1731867393967 0.0037401809822767973 18
1731867394807 0.0024976497516036034 19
1731867395619 0.002114547649398446 20
1731867396653 0.0021074688993394375 21
1731867397401 0.002026078524067998 22
1731867398270 0.0021037720143795013 23
1731867399046 0.0019680550321936607 24
1731867399795 0.0018870315980166197 25
1731867400884 0.002172446344047785 26
1731867401551 0.0025814243126660585 27
1731867402191 0.0023686508648097515 28
1731867402760 0.0025467874947935343 29
1731867403353 0.002921173581853509 30
1731867404014 0.0017735791625455022 31
1731867404719 0.001699308049865067 32
1731867405400 0.0017651900416240096 33
1731867406177 0.0019832816906273365 34
1731867406988 0.0017454504268243909 35
1731867407900 0.001977525418624282 36
1731867408669 0.0017342667561024427 37
1731867409275 0.001719987136311829 38
1731867410039 0.001965960720553994 39
1731867410825 0.0020683857146650553 40
1731867411707 0.0015097885625436902 41
1731867412371 0.0015690975124016404 42
1731867413083 0.002221772214397788 43
1731867413943 0.004528967663645744 44
1731867414730 0.0026344277430325747 45
1731867415486 0.0017640702426433563 46
1731867416083 0.00184065371286124 47
1731867416803 0.0016239047981798649 48
1731867417640 0.0015235459432005882 49
