1731883718997 0.11299867182970047 0
1731883719967 0.025217903777956963 1
1731883720913 0.013821461237967014 2
1731883721721 0.010535660199820995 3
1731883722605 0.011487534269690514 4
1731883723539 0.007927619852125645 5
1731883724313 0.012412012554705143 6
1731883725470 0.004444580525159836 7
1731883726237 0.009905140846967697 8
1731883727011 0.007667762227356434 9
1731883728004 0.003691665828227997 10
1731883728797 0.005536200944334269 11
1731883729568 0.006017674226313829 12
1731883730368 0.005726505070924759 13
1731883731143 0.005080183036625385 14
1731883731918 0.005284804850816727 15
1731883732758 0.006158057134598494 16
1731883733756 0.002696842886507511 17
1731883734530 0.004797588102519512 18
1731883735325 0.002507136669009924 19
1731883736105 0.004457804374396801 20
1731883737228 0.002416838426142931 21
1731883738061 0.005047649145126343 22
1731883738831 0.005074725951999426 23
1731883739608 0.0020576748065650463 24
1731883740582 0.0033172001130878925 25
1731883741355 0.004518837668001652 26
1731883742124 0.0018264329992234707 27
1731883742959 0.0032860208302736282 28
1731883743749 0.0025408731307834387 29
1731883744687 0.0024131557438522577 30
1731883745480 0.0027089817449450493 31
1731883746269 0.0027410625480115414 32
1731883747043 0.004541898611932993 33
1731883747879 0.0018545164493843913 34
1731883748657 0.0037876428104937077 35
1731883749588 0.00235926010645926 36
1731883750394 0.0038232412189245224 37
1731883751182 0.0020423613023012877 38
1731883751963 0.0019981234800070524 39
1731883752784 0.005152158904820681 40
1731883753586 0.0020023698452860117 41
1731883754522 0.0016946580726653337 42
1731883755328 0.0017548929899930954 43
1731883756108 0.002656676573678851 44
1731883757335 0.002668745117262006 45
1731883758157 0.003419380635023117 46
1731883758937 0.0026289704255759716 47
1731883759744 0.0018449218478053808 48
1731883760529 0.002568266587331891 49
