1731890416266 0.16707579791545868 0
1731890416947 0.16616927087306976 1
1731890417595 0.16593894362449646 2
1731890418333 0.1658952832221985 3
1731890419191 0.16588932275772095 4
1731890419858 0.1658886820077896 5
1731890420537 0.16588863730430603 6
1731890421111 0.16588863730430603 7
1731890421672 0.16588866710662842 8
1731890422249 0.16588862240314484 9
1731890422857 0.16588866710662842 10
1731890423416 0.16588866710662842 11
1731890424027 0.16588865220546722 12
1731890424698 0.16588865220546722 13
1731890425347 0.11497052758932114 14
1731890426028 0.021341972053050995 15
1731890426701 0.009968947619199753 16
1731890427585 0.010738442651927471 17
1731890428256 0.004081288352608681 18
1731890428932 0.0022752739023417234 19
1731890429498 0.002174626337364316 20
1731890430107 0.0019308935152366757 21
1731890430672 0.0021015936508774757 22
1731890431374 0.0018536337884142995 23
1731890431947 0.001674440922215581 24
1731890432632 0.0016731932992115617 25
1731890433215 0.001778362668119371 26
1731890433898 0.0016375738196074963 27
1731890434577 0.0016119532519951463 28
1731890435220 0.0017328087706118822 29
1731890435802 0.0017835362814366817 30
1731890436510 0.0015685706166550517 31
1731890437133 0.0016021644696593285 32
1731890437699 0.0016957003390416503 33
1731890438281 0.0019407825311645865 34
1731890438977 0.0016056486638262868 35
1731890439618 0.0014283492928370833 36
1731890440200 0.0014815842732787132 37
1731890440774 0.0018521694000810385 38
1731890441336 0.0017319428734481335 39
1731890441956 0.0015823938883841038 40
1731890442535 0.0015282233944162726 41
1731890443176 0.0015523056499660015 42
1731890443886 0.0015208363765850663 43
1731890444465 0.0015163820935413241 44
1731890445203 0.0017417820636183023 45
1731890445780 0.0012522464385256171 46
1731890446490 0.0015184987569227815 47
1731890447071 0.0016164610860869288 48
1731890447627 0.0016286825994029641 49
