1731861211266 0.44710999727249146 0
1731861211923 0.1784595251083374 1
1731861212608 0.07656390219926834 2
1731861213329 0.04555421322584152 3
1731861213967 0.027886008843779564 4
1731861214760 0.017679788172245026 5
1731861215301 0.015530824661254883 6
1731861215936 0.011641166172921658 7
1731861216462 0.009350329637527466 8
1731861216987 0.009357597678899765 9
1731861217521 0.009512841701507568 10
1731861218041 0.00702597014605999 11
1731861218669 0.007234280928969383 12
1731861219189 0.0070430743508040905 13
1731861219734 0.010519508272409439 14
1731861220385 0.005692330189049244 15
1731861220905 0.007120972964912653 16
1731861221426 0.006504920311272144 17
1731861222258 0.005751792341470718 18
1731861222774 0.006509220227599144 19
1731861223286 0.006017025094479322 20
1731861223793 0.009880230762064457 21
1731861224359 0.011229060590267181 22
1731861224887 0.005562541075050831 23
1731861225406 0.006177758798003197 24
1731861225919 0.005053591448813677 25
1731861226446 0.004588618874549866 26
1731861227101 0.005376070272177458 27
1731861227741 0.0076354388147592545 28
1731861228263 0.007769262418150902 29
1731861228797 0.01257188431918621 30
1731861229350 0.01049633789807558 31
1731861229871 0.0065819756127893925 32
1731861230380 0.004902759101241827 33
1731861230892 0.004432018380612135 34
1731861231432 0.0051637254655361176 35
1731861231950 0.005435067228972912 36
1731861232472 0.006953367032110691 37
1731861233140 0.0052361153066158295 38
1731861233683 0.008477549999952316 39
1731861234198 0.006104402709752321 40
1731861234708 0.004184529185295105 41
1731861235362 0.004010639153420925 42
1731861235925 0.004333426244556904 43
1731861236442 0.004621719941496849 44
1731861236966 0.007343132048845291 45
1731861237482 0.004969206638634205 46
1731861238018 0.004422847181558609 47
1731861238535 0.0039907838217914104 48
1731861239055 0.005109135527163744 49
