1731860871820 0.20508399605751038 0
1731860872506 0.15270282328128815 1
1731860873229 0.047542814165353775 2
1731860873889 0.024753179401159286 3
1731860874523 0.019520053640007973 4
1731860875042 0.010627617128193378 5
1731860875703 0.006690223701298237 6
1731860876227 0.007250631228089333 7
1731860876748 0.007777522783726454 8
1731860877273 0.007687573321163654 9
1731860878078 0.00499415909871459 10
1731860878593 0.006356892641633749 11
1731860879114 0.007634533569216728 12
1731860879631 0.005511607509106398 13
1731860880179 0.0052139731124043465 14
1731860880822 0.004324821755290031 15
1731860881355 0.00571274571120739 16
1731860881872 0.004363323096185923 17
1731860882410 0.006995214149355888 18
1731860883088 0.0136700589209795 19
1731860883607 0.013620414771139622 20
1731860884256 0.004941374529153109 21
1731860884806 0.004285420291125774 22
1731860885586 0.0039057026151567698 23
1731860886109 0.0034268794115632772 24
1731860886631 0.0042359428480267525 25
1731860887168 0.0037062179762870073 26
1731860887679 0.0042481375858187675 27
1731860888201 0.0035684388130903244 28
1731860888716 0.003656264627352357 29
1731860889262 0.003546315710991621 30
1731860889778 0.0036144768819212914 31
1731860890293 0.004676368087530136 32
1731860890807 0.0033939385320991278 33
1731860891318 0.0033048619516193867 34
1731860891864 0.0030156432185322046 35
1731860892377 0.002961392980068922 36
1731860892898 0.0031378325074911118 37
1731860893548 0.002747447695583105 38
1731860894198 0.0030546681955456734 39
1731860894719 0.002872374840080738 40
1731860895235 0.0026751516852527857 41
1731860896012 0.0032074367627501488 42
1731860896556 0.0029198364354670048 43
1731860897185 0.0029808846302330494 44
1731860897806 0.002666231943294406 45
1731860898318 0.0026769337709993124 46
1731860898859 0.0029285764321684837 47
1731860899377 0.0027998676523566246 48
1731860899893 0.002715214854106307 49
