1731852790020 0.14512543380260468 0
1731852790638 0.09094258397817612 1
1731852791149 0.07997554540634155 2
1731852791648 0.08673814684152603 3
1731852792127 0.09199532866477966 4
1731852792717 0.09306810051202774 5
1731852793333 0.08176781237125397 6
1731852793912 0.09396275132894516 7
1731852794411 0.0796901285648346 8
1731852795015 0.07673224061727524 9
1731852795619 0.0956672877073288 10
1731852796106 0.07010045647621155 11
1731852796603 0.08010812103748322 12
1731852797225 0.08372749388217926 13
1731852797715 0.0805194079875946 14
1731852798228 0.08345986157655716 15
1731852798716 0.07788027822971344 16
1731852799198 0.07557301223278046 17
1731852799687 0.08315105736255646 18
1731852800198 0.07113292813301086 19
1731852800708 0.0810885950922966 20
1731852801201 0.059610702097415924 21
1731852801689 0.07797897607088089 22
1731852802164 0.080726757645607 23
1731852802678 0.07587196677923203 24
1731852803219 0.07690683007240295 25
1731852803766 0.07826665043830872 26
1731852804300 0.07813785970211029 27
1731852804811 0.0724547952413559 28
1731852805309 0.06074186787009239 29
1731852805793 0.07306251674890518 30
1731852806289 0.06929844617843628 31
1731852806774 0.07954560965299606 32
1731852807294 0.07154175639152527 33
1731852807779 0.07177557051181793 34
1731852808279 0.06101325526833534 35
1731852808754 0.06199080869555473 36
1731852809293 0.06791800260543823 37
1731852809804 0.06949521601200104 38
1731852810312 0.06154286861419678 39
1731852810935 0.06716125458478928 40
1731852811450 0.0647921934723854 41
1731852811964 0.06358134746551514 42
1731852812458 0.06890696287155151 43
1731852812945 0.06399068981409073 44
1731852813543 0.06637582182884216 45
1731852814046 0.06328123062849045 46
1731852814548 0.0610954575240612 47
1731852815036 0.06840348243713379 48
1731852815534 0.06263817101716995 49
