1731874419686 0.01880594715476036 0
1731874420371 0.002991803688928485 1
1731874420998 0.002392103197053075 2
1731874421566 0.001970252487808466 3
1731874422268 0.001859287265688181 4
1731874423082 0.0017237133579328656 5
1731874423734 0.001675008563324809 6
1731874424515 0.0016074375016614795 7
1731874425136 0.0016383782494813204 8
1731874425760 0.0016602337127551436 9
1731874426376 0.0018095496343448758 10
1731874427162 0.0013848603703081608 11
1731874428140 0.0013766188640147448 12
1731874428809 0.0015413759974762797 13
1731874429589 0.002094164490699768 14
1731874430273 0.0015600400511175394 15
1731874430951 0.0013845200883224607 16
1731874431670 0.0013207299634814262 17
1731874432249 0.0014247226063162088 18
1731874432959 0.0016650593606755137 19
1731874433650 0.0013587113935500383 20
1731874434245 0.00125761644449085 21
1731874434869 0.0013829368399456143 22
1731874435618 0.0011876735370606184 23
1731874436318 0.0012084355112165213 24
1731874436981 0.0013192974729463458 25
1731874437826 0.0012296076165512204 26
1731874438830 0.0012983802007511258 27
1731874439996 0.0011636714916676283 28
1731874440954 0.0010482583893463016 29
1731874441658 0.0011080163531005383 30
1731874442794 0.0012792946072295308 31
1731874444260 0.0010803022887557745 32
1731874445415 0.001194678246974945 33
1731874446098 0.0010570953600108624 34
1731874446683 0.0011556283570826054 35
1731874447245 0.0010492278961464763 36
1731874448119 0.0010420400649309158 37
1731874448709 0.001115954015403986 38
1731874449361 0.0010949834249913692 39
1731874449940 0.0011167055927217007 40
1731874450560 0.0010690439958125353 41
1731874451157 0.0010612214682623744 42
1731874451740 0.0009552861447446048 43
1731874452411 0.0012507130159065127 44
1731874453014 0.001091085490770638 45
1731874453576 0.0010618084343150258 46
1731874454152 0.0010163356782868505 47
1731874454763 0.0010023181093856692 48
1731874455378 0.0011786259710788727 49
