1731874735813 0.02569105289876461 0
1731874736695 0.0037084738723933697 1
1731874737765 0.00237727421335876 2
1731874738534 0.0027270924765616655 3
1731874739407 0.0020907025318592787 4
1731874740213 0.0019959532655775547 5
1731874740993 0.0016997780185192823 6
1731874741734 0.0020355929154902697 7
1731874742643 0.0017388603882864118 8
1731874743530 0.0019533662125468254 9
1731874744360 0.0019744073506444693 10
1731874745127 0.001660224748775363 11
1731874745898 0.0014906276483088732 12
1731874746861 0.0016178928781300783 13
1731874747628 0.0013649861793965101 14
1731874748438 0.0014809728600084782 15
1731874749232 0.0014599721180275083 16
1731874750130 0.001357426168397069 17
1731874750904 0.001249293563887477 18
1731874751674 0.0014711361145600677 19
1731874752478 0.0013626718427985907 20
1731874753248 0.0012863463489338756 21
1731874754037 0.0013014647411182523 22
1731874754794 0.0012545016361400485 23
1731874755605 0.0013362648896872997 24
1731874756514 0.0012974725104868412 25
1731874757282 0.001374557614326477 26
1731874758217 0.0012716524070128798 27
1731874758993 0.0010887630051001906 28
1731874759758 0.001103921327739954 29
1731874760647 0.001225128537043929 30
1731874761420 0.0013027838431298733 31
1731874762229 0.0011957985116168857 32
1731874763040 0.0012898059794679284 33
1731874763799 0.0011096838861703873 34
1731874764593 0.001078465604223311 35
1731874765420 0.0011931932531297207 36
1731874766208 0.0011238339357078075 37
1731874766983 0.001180955208837986 38
1731874767977 0.001162508619017899 39
1731874768725 0.0011339557822793722 40
1731874769498 0.0011079320684075356 41
1731874770335 0.0010245873127132654 42
1731874771108 0.0009220013162121177 43
1731874771891 0.0010990590089932084 44
1731874772706 0.0010141241364181042 45
1731874773580 0.0009749452001415193 46
1731874774358 0.0008476556395180523 47
1731874775164 0.0009013492381200194 48
1731874775943 0.0010621463879942894 49
