1731860286252 0.0852450430393219 0
1731860286885 0.03647054731845856 1
1731860287537 0.01917455717921257 2
1731860288176 0.015921009704470634 3
1731860288889 0.013259685598313808 4
1731860289433 0.010438011959195137 5
1731860289966 0.009817047975957394 6
1731860290596 0.008139083161950111 7
1731860291358 0.00747198611497879 8
1731860291865 0.007926154881715775 9
1731860292406 0.00865203607827425 10
1731860292921 0.01399310864508152 11
1731860293432 0.006884138099849224 12
1731860294103 0.006014534737914801 13
1731860294799 0.005920205730944872 14
1731860295377 0.0070910947397351265 15
1731860296009 0.01110605988651514 16
1731860296528 0.005264029372483492 17
1731860297069 0.004648422356694937 18
1731860297588 0.004552767146378756 19
1731860298351 0.004208020865917206 20
1731860299003 0.003981056623160839 21
1731860299515 0.004088674671947956 22
1731860300027 0.004814134910702705 23
1731860300569 0.006265474017709494 24
1731860301223 0.004070165101438761 25
1731860301740 0.0037488413508981466 26
1731860302374 0.004054164979606867 27
1731860302886 0.0049167899414896965 28
1731860303561 0.004459001123905182 29
1731860304081 0.0033527668565511703 30
1731860304594 0.0031799995340406895 31
1731860305353 0.0032122363336384296 32
1731860305894 0.003713001264259219 33
1731860306409 0.003173683537170291 34
1731860307038 0.0031977095641195774 35
1731860307557 0.0030788679141551256 36
1731860308099 0.004410119727253914 37
1731860308615 0.0038001739885658026 38
1731860309134 0.0032201753929257393 39
1731860309646 0.0028790519572794437 40
1731860310158 0.0030109467916190624 41
1731860310688 0.002988402033224702 42
1731860311202 0.002631076844409108 43
1731860311712 0.0026681951712816954 44
1731860312219 0.005720013752579689 45
1731860312767 0.004945911001414061 46
1731860313287 0.003765108762308955 47
1731860313925 0.003656854387372732 48
1731860314446 0.0034223326947540045 49
