1731849734398 0.16721820831298828 0
1731849736508 0.16721823811531067 1
1731849738432 0.16721822321414948 2
1731849740300 0.1672181785106659 3
1731849742392 0.16721822321414948 4
1731849744299 0.16721820831298828 5
1731849746224 0.1672181934118271 6
1731849748129 0.1672181487083435 7
1731849750070 0.16721822321414948 8
1731849751939 0.16721825301647186 9
1731849753884 0.1672181934118271 10
1731849756024 0.16721820831298828 11
1731849757960 0.16721822321414948 12
1731849759911 0.16721820831298828 13
1731849761830 0.1672181785106659 14
1731849763758 0.1672181785106659 15
1731849765731 0.16721820831298828 16
1731849767816 0.16721822321414948 17
1731849769756 0.16721820831298828 18
1731849771729 0.16721823811531067 19
1731849773644 0.1672181785106659 20
1731849775618 0.16721820831298828 21
1731849777726 0.16721820831298828 22
1731849779646 0.16721820831298828 23
1731849781610 0.1672181934118271 24
1731849783582 0.16721822321414948 25
1731849785493 0.1672181785106659 26
1731849787462 0.1672181785106659 27
1731849789579 0.1672181785106659 28
1731849791456 0.16721823811531067 29
1731849793441 0.16721822321414948 30
1731849795349 0.16721820831298828 31
1731849797290 0.16721822321414948 32
1731849799230 0.16721822321414948 33
1731849801368 0.1672181934118271 34
1731849803306 0.16721823811531067 35
1731849805257 0.1672181934118271 36
1731849807218 0.16721822321414948 37
1731849809169 0.1672181934118271 38
1731849811767 0.16721822321414948 39
1731849814700 0.1672181487083435 40
1731849817727 0.1672181785106659 41
1731849819948 0.1672181785106659 42
1731849822852 0.1672181934118271 43
1731849825292 0.1672181934118271 44
1731849827492 0.1672181934118271 45
1731849829994 0.16721820831298828 46
1731849832516 0.16721820831298828 47
1731849834578 0.1672181934118271 48
1731849837002 0.16721820831298828 49
1731849839846 0.16721820831298828 50
1731849843349 0.16721822321414948 51
1731849846198 0.1672181785106659 52
1731849848361 0.16721825301647186 53
1731849850768 0.1672181636095047 54
1731849852883 0.16721822321414948 55
1731849855252 0.16721822321414948 56
1731849857346 0.16721822321414948 57
1731849859485 0.1672181934118271 58
1731849861644 0.16721820831298828 59
1731849863794 0.16721820831298828 60
1731849866115 0.1672181785106659 61
1731849868243 0.16721820831298828 62
1731849870381 0.1672181636095047 63
1731849872499 0.16721820831298828 64
1731849874841 0.16721822321414948 65
1731849876984 0.1672181934118271 66
1731849879084 0.16721820831298828 67
1731849881220 0.1672181934118271 68
1731849883335 0.16721820831298828 69
1731849885651 0.1672181934118271 70
1731849887771 0.16721820831298828 71
1731849889854 0.1672181785106659 72
1731849892029 0.16721826791763306 73
1731849894316 0.1672181487083435 74
1731849896432 0.1672181934118271 75
1731849898541 0.1672181934118271 76
1731849900705 0.16721822321414948 77
1731849903024 0.1672181934118271 78
1731849905138 0.16721825301647186 79
1731849907333 0.1672181934118271 80
1731849909458 0.1672181785106659 81
1731849911593 0.16721820831298828 82
1731849913904 0.16721820831298828 83
1731849916030 0.16721820831298828 84
1731849918119 0.16721820831298828 85
1731849920222 0.1672181636095047 86
1731849922608 0.16721822321414948 87
1731849924718 0.1672181785106659 88
1731849927010 0.16721820831298828 89
1731849929226 0.1672181636095047 90
1731849931565 0.1672181934118271 91
1731849933851 0.16721822321414948 92
1731849936331 0.16721823811531067 93
1731849938710 0.16721822321414948 94
1731849940872 0.16721820831298828 95
1731849942986 0.16721822321414948 96
1731849945094 0.1672181785106659 97
1731849947418 0.16721820831298828 98
1731849949556 0.1672181785106659 99
