1731858620756 0.12203817069530487 0
1731858621335 0.019635872915387154 1
1731858621931 0.01140816044062376 2
1731858622503 0.00900151114910841 3
1731858622976 0.017517220228910446 4
1731858623463 0.007908736355602741 5
1731858623956 0.00771019421517849 6
1731858624439 0.011194505728781223 7
1731858624913 0.005751893389970064 8
1731858625640 0.004989671986550093 9
1731858626131 0.004677918273955584 10
1731858626606 0.004671657923609018 11
1731858627079 0.00495242141187191 12
1731858627645 0.004589214455336332 13
1731858628122 0.004903967492282391 14
1731858628630 0.00448621017858386 15
1731858629105 0.004888501949608326 16
1731858629672 0.0048105777241289616 17
1731858630148 0.004469641018658876 18
1731858630750 0.004027814604341984 19
1731858631258 0.003907745238393545 20
1731858631788 0.0037080904003232718 21
1731858632328 0.0035771389957517385 22
1731858632861 0.004674594383686781 23
1731858633360 0.01693604700267315 24
1731858633838 0.007936629466712475 25
1731858634313 0.010266141965985298 26
1731858634788 0.003939647693186998 27
1731858635370 0.00473139900714159 28
1731858635991 0.00367973861284554 29
1731858636465 0.0034616331104189157 30
1731858636939 0.0037053339183330536 31
1731858637535 0.00394204817712307 32
1731858638008 0.0033843480050563812 33
1731858638479 0.0031733715441077948 34
1731858638952 0.0037940298207104206 35
1731858639428 0.0031022585462778807 36
1731858639933 0.003030019113793969 37
1731858640403 0.003313543973490596 38
1731858640984 0.0037535757292062044 39
1731858641463 0.0034939225297421217 40
1731858641938 0.003403592621907592 41
1731858642431 0.004618268925696611 42
1731858642908 0.004602732602506876 43
1731858643382 0.0029747113585472107 44
1731858643852 0.0035949682351201773 45
1731858644354 0.002858225256204605 46
1731858644831 0.0027399808168411255 47
1731858645318 0.0028198303189128637 48
1731858645795 0.002989815780892968 49
