1731868024338 0.0743536427617073 0
1731868025012 0.02646864950656891 1
1731868025657 0.012660504318773746 2
1731868026305 0.008638088591396809 3
1731868026962 0.006707086227834225 4
1731868027534 0.014160665683448315 5
1731868028078 0.04086362570524216 6
1731868028771 0.008335781283676624 7
1731868029823 0.004189488012343645 8
1731868030620 0.002998525509610772 9
1731868031218 0.0036976924166083336 10
1731868031820 0.0029753302223980427 11
1731868032522 0.002650392707437277 12
1731868033317 0.0029260069131851196 13
1731868033880 0.003269593231379986 14
1731868034545 0.0025419755838811398 15
1731868035180 0.002509994897991419 16
1731868035882 0.0025738573167473078 17
1731868036453 0.002739813644438982 18
1731868037002 0.002662064740434289 19
1731868037545 0.0021523197647184134 20
1731868038181 0.0027349244337528944 21
1731868038753 0.002449557650834322 22
1731868039323 0.0022564600221812725 23
1731868039964 0.0023253588005900383 24
1731868040678 0.0023291411343961954 25
1731868041229 0.0022368240170180798 26
1731868041856 0.0020836954936385155 27
1731868042403 0.002161269308999181 28
1731868042961 0.003174994606524706 29
1731868043513 0.002403165213763714 30
1731868044150 0.0034870298113673925 31
1731868044786 0.0018765295390039682 32
1731868045365 0.0018855638336390257 33
1731868045962 0.002166726626455784 34
1731868046572 0.0018391723278909922 35
1731868047118 0.0018726609414443374 36
1731868047770 0.0022270267363637686 37
1731868048311 0.002269742777571082 38
1731868048853 0.0018371668411418796 39
1731868049396 0.0019970377907156944 40
1731868049960 0.001889704610221088 41
1731868050735 0.00252028601244092 42
1731868051283 0.002149620559066534 43
1731868051849 0.00212649442255497 44
1731868052503 0.001568318111822009 45
1731868053221 0.0025569552090018988 46
1731868053789 0.002033301629126072 47
1731868054372 0.001788475550711155 48
1731868054917 0.0016183530678972602 49
