1731853959454 0.16615743935108185 0
1731853960074 0.166172057390213 1
1731853960560 0.16616152226924896 2
1731853961076 0.16617359220981598 3
1731853961580 0.16617362201213837 4
1731853962090 0.16616928577423096 5
1731853962598 0.16616711020469666 6
1731853963127 0.16617360711097717 7
1731853963640 0.16615641117095947 8
1731853964145 0.16617229580879211 9
1731853964655 0.16617357730865479 10
1731853965193 0.16617360711097717 11
1731853965710 0.16617362201213837 12
1731853966221 0.16616742312908173 13
1731853966734 0.16617362201213837 14
1731853967240 0.16615517437458038 15
1731853967762 0.16617360711097717 16
1731853968272 0.16617359220981598 17
1731853968938 0.16617359220981598 18
1731853969442 0.1661681830883026 19
1731853969971 0.16617362201213837 20
1731853970473 0.16609784960746765 21
1731853970980 0.16607385873794556 22
1731853971490 0.16617175936698914 23
1731853972025 0.16617360711097717 24
1731853972531 0.16616608202457428 25
1731853973012 0.1661655604839325 26
1731853973516 0.16610293090343475 27
1731853974020 0.16617359220981598 28
1731853974546 0.1661684513092041 29
1731853975048 0.1661141812801361 30
1731853975554 0.16609522700309753 31
1731853976061 0.16610027849674225 32
1731853976591 0.16614657640457153 33
1731853977098 0.16617362201213837 34
1731853977605 0.1661521941423416 35
1731853978114 0.16617360711097717 36
1731853978614 0.16612331569194794 37
1731853979140 0.16617289185523987 38
1731853979646 0.1659972220659256 39
1731853980167 0.1661253571510315 40
1731853980810 0.1661466807126999 41
1731853981343 0.16605526208877563 42
1731853981844 0.16610580682754517 43
1731853982353 0.16591519117355347 44
1731853982860 0.1657995879650116 45
1731853983373 0.16559989750385284 46
1731853983867 0.1559951901435852 47
1731853984476 0.06895560771226883 48
1731853985120 0.06667189300060272 49
