1731857771723 0.17268006503582 0
1731857772409 0.06630194932222366 1
1731857773070 0.05249520018696785 2
1731857773635 0.02938486449420452 3
1731857774313 0.018204959109425545 4
1731857774956 0.013578703626990318 5
1731857775527 0.016825171187520027 6
1731857776094 0.01251188199967146 7
1731857776687 0.009782212786376476 8
1731857777398 0.00887997355312109 9
1731857778063 0.008963230066001415 10
1731857779357 0.007516999263316393 11
1731857780296 0.0067438087426126 12
1731857781108 0.007342845667153597 13
1731857781828 0.005805034656077623 14
1731857782821 0.007794473320245743 15
1731857783763 0.006513909436762333 16
1731857784861 0.009388603270053864 17
1731857785577 0.005879278760403395 18
1731857786435 0.005739293526858091 19
1731857787245 0.007961408235132694 20
1731857787872 0.005683870520442724 21
1731857788517 0.007885297760367393 22
1731857789144 0.005642708390951157 23
1731857789994 0.006280557718127966 24
1731857790767 0.004686896689236164 25
1731857791420 0.006060339044779539 26
1731857792107 0.004850263707339764 27
1731857792795 0.01714913360774517 28
1731857793360 0.005717310588806868 29
1731857793909 0.010307835415005684 30
1731857794470 0.008859958499670029 31
1731857795119 0.007025197613984346 32
1731857795677 0.006064699962735176 33
1731857796320 0.004495903383940458 34
1731857796934 0.005414006300270557 35
1731857798263 0.004601964261382818 36
1731857799135 0.004085839726030827 37
1731857800412 0.005108904559165239 38
1731857801023 0.00583005091175437 39
1731857801609 0.0049335225485265255 40
1731857802185 0.004856558982282877 41
1731857802787 0.0089650247246027 42
1731857803707 0.006308672484010458 43
1731857804340 0.006226796656847 44
1731857805018 0.0054304227232933044 45
1731857805678 0.005205533001571894 46
1731857806339 0.004769069142639637 47
1731857806895 0.00436523137614131 48
1731857807525 0.00595635874196887 49
