1731882852768 0.045024629682302475 0
1731882853276 0.0164002887904644 1
1731882853768 0.006917227059602737 2
1731882854231 0.005601902492344379 3
1731882854714 0.004501105286180973 4
1731882855061 0.004119695629924536 5
1731882855408 0.0038070299196988344 6
1731882855773 0.003651916980743408 7
1731882856112 0.003717188024893403 8
1731882856449 0.003427696879953146 9
1731882856798 0.003201395506039262 10
1731882857138 0.0035442966036498547 11
1731882857795 0.002938861260190606 12
1731882858144 0.0031964138615876436 13
1731882858628 0.0027010280173271894 14
1731882858979 0.002632112242281437 15
1731882859312 0.0028840971644967794 16
1731882859637 0.002543278969824314 17
1731882860264 0.002381651196628809 18
1731882860709 0.0023985339794307947 19
1731882861202 0.00229250593110919 20
1731882861824 0.0021580520551651716 21
1731882862174 0.0024079796858131886 22
1731882862525 0.00240371678955853 23
1731882862896 0.0028996015898883343 24
1731882863252 0.0023326438385993242 25
1731882863739 0.0020185767207294703 26
1731882864091 0.0023167901672422886 27
1731882864432 0.0020100725814700127 28
1731882864913 0.0018715588375926018 29
1731882865280 0.0018761636456474662 30
1731882865757 0.0020311130210757256 31
1731882866103 0.0019440008327364922 32
1731882866450 0.0018643554067239165 33
1731882866804 0.0033108354546129704 34
1731882867152 0.0024713280145078897 35
1731882867550 0.001903948956169188 36
1731882868197 0.0022299746051430702 37
1731882868544 0.0017730838153511286 38
1731882868896 0.0017488242592662573 39
1731882869236 0.0017061337130144238 40
1731882869609 0.0016427695518359542 41
1731882869963 0.001617923378944397 42
1731882870450 0.001540214056149125 43
1731882870808 0.0016607990255579352 44
1731882871163 0.0016548543935641646 45
1731882871508 0.0015307065332308412 46
1731882872019 0.0016268009785562754 47
1731882872376 0.002922068815678358 48
1731882872779 0.0027341018430888653 49
