1731866624149 0.03472758084535599 0
1731866624814 0.007838869467377663 1
1731866625520 0.003397992579266429 2
1731866626096 0.003618055721744895 3
1731866626785 0.002874179743230343 4
1731866627335 0.0028709694743156433 5
1731866627895 0.002340034581720829 6
1731866628767 0.002392697613686323 7
1731866629315 0.004189819563180208 8
1731866629881 0.002928512403741479 9
1731866630444 0.002653880510479212 10
1731866631016 0.003024348057806492 11
1731866631666 0.002490738872438669 12
1731866632204 0.002216936321929097 13
1731866632890 0.002393264789134264 14
1731866633497 0.002222249284386635 15
1731866634042 0.0021458505652844906 16
1731866634623 0.0023476623464375734 17
1731866635182 0.0028149927966296673 18
1731866635768 0.0021803320851176977 19
1731866636423 0.002487080404534936 20
1731866636972 0.003213732736185193 21
1731866637541 0.002412579022347927 22
1731866638188 0.0017342133214697242 23
1731866638776 0.002246689051389694 24
1731866639580 0.0019518601475283504 25
1731866640170 0.003382412949576974 26
1731866640741 0.002131441608071327 27
1731866641288 0.001960398629307747 28
1731866641935 0.0028737755492329597 29
1731866642529 0.0016051566926762462 30
1731866643079 0.0023257979191839695 31
1731866643659 0.002298773732036352 32
1731866644198 0.0020833229646086693 33
1731866644785 0.0031171508599072695 34
1731866645351 0.0018512302776798606 35
1731866645921 0.0016949002165347338 36
1731866646516 0.0018709427677094936 37
1731866647093 0.001716249156743288 38
1731866647663 0.0015209252014756203 39
1731866648318 0.001508037792518735 40
1731866648883 0.0018106431234627962 41
1731866649636 0.001787730259820819 42
1731866650215 0.0017631335649639368 43
1731866650791 0.0017411806620657444 44
1731866651332 0.001689012860879302 45
1731866651919 0.0015860556159168482 46
1731866652487 0.0015146693913266063 47
1731866653066 0.002056351862847805 48
1731866653637 0.001808418775908649 49
