1731866569686 0.04158081114292145 0
1731866570478 0.01251679565757513 1
1731866571198 0.004504253622144461 2
1731866572334 0.0030900859273970127 3
1731866573229 0.003685828996822238 4
1731866573927 0.0027441142592579126 5
1731866574666 0.0042763520032167435 6
1731866575364 0.003518254728987813 7
1731866576617 0.002367694629356265 8
1731866577672 0.0020100362598896027 9
1731866578601 0.003064502263441682 10
1731866579496 0.002317506354302168 11
1731866580631 0.008972842246294022 12
1731866581209 0.003491553943604231 13
1731866581797 0.0028297859244048595 14
1731866582381 0.001745310379192233 15
1731866582967 0.0018524003680795431 16
1731866583544 0.0017846557311713696 17
1731866584196 0.0019629234448075294 18
1731866584796 0.001993669429793954 19
1731866585409 0.0020917579531669617 20
1731866586070 0.0017219659639522433 21
1731866586653 0.0022197796497493982 22
1731866587198 0.0018621798371896148 23
1731866587799 0.0019747652113437653 24
1731866588369 0.0016743548912927508 25
1731866588927 0.00150880531873554 26
1731866589559 0.0017525689909234643 27
1731866590156 0.0018537581199780107 28
1731866590998 0.0015681871445849538 29
1731866591667 0.0015870567876845598 30
1731866592256 0.0023067656438797712 31
1731866592834 0.00255656149238348 32
1731866593404 0.0016442055348306894 33
1731866594048 0.0030039786361157894 34
1731866594641 0.00206279125995934 35
1731866595228 0.0017114778747782111 36
1731866595805 0.00153020687866956 37
1731866596370 0.0015503562754020095 38
1731866596956 0.00207525840960443 39
1731866597531 0.0023809245321899652 40
1731866598184 0.0017293209675699472 41
1731866598762 0.002295642625540495 42
1731866599340 0.0013855096185579896 43
1731866600010 0.0013487784890457988 44
1731866600704 0.001436959602870047 45
1731866601296 0.001451048068702221 46
1731866601887 0.0015498539432883263 47
1731866602464 0.0012297295033931732 48
1731866603113 0.0013265068409964442 49
