1731883026106 0.1427379697561264 0
1731883026574 0.04617134854197502 1
1731883027023 0.024563824757933617 2
1731883027473 0.009519636631011963 3
1731883027950 0.005292889662086964 4
1731883028262 0.00547591270878911 5
1731883028857 0.004445777740329504 6
1731883029379 0.004063981585204601 7
1731883029702 0.003702091984450817 8
1731883030039 0.0037561289500445127 9
1731883030491 0.0035443995147943497 10
1731883030816 0.0034337968099862337 11
1731883031133 0.0032354576978832483 12
1731883031448 0.00372193637304008 13
1731883031914 0.003405751893296838 14
1731883032230 0.0030437465757131577 15
1731883032573 0.0031019230373203754 16
1731883033172 0.0029761618934571743 17
1731883033488 0.0031250515021383762 18
1731883033808 0.0027505343314260244 19
1731883034274 0.0028588315472006798 20
1731883034626 0.0025189886800944805 21
1731883034919 0.0025133593007922173 22
1731883035222 0.0024788579903542995 23
1731883035540 0.002453091088682413 24
1731883035858 0.0027758339419960976 25
1731883036177 0.002710408763960004 26
1731883036621 0.002746500074863434 27
1731883036963 0.002405241597443819 28
1731883037287 0.0027191697154194117 29
1731883037607 0.0023104995489120483 30
1731883038220 0.0022761523723602295 31
1731883038532 0.002110359724611044 32
1731883038855 0.0022459521424025297 33
1731883039205 0.0024839495308697224 34
1731883039528 0.002351593691855669 35
1731883039849 0.002109746215865016 36
1731883040165 0.0018595191650092602 37
1731883040472 0.0019088727422058582 38
1731883040787 0.0019422475015744567 39
1731883041100 0.0020603083539754152 40
1731883041435 0.001825377345085144 41
1731883041753 0.0021685706451535225 42
1731883042065 0.0021238592453300953 43
1731883042383 0.0018877849215641618 44
1731883042694 0.00211766897700727 45
1731883043007 0.002085603540763259 46
1731883043326 0.002427668310701847 47
1731883043959 0.002122271340340376 48
1731883044317 0.002875956241041422 49
