1731857655092 0.05184611305594444 0
1731857655771 0.028584668412804604 1
1731857656330 0.00752602331340313 2
1731857657033 0.004295263439416885 3
1731857657716 0.0062430743128061295 4
1731857658529 0.003988885320723057 5
1731857659151 0.0036977112758904696 6
1731857659880 0.003656021784991026 7
1731857660605 0.00341623043641448 8
1731857661460 0.0032548748422414064 9
1731857662063 0.004698461852967739 10
1731857662607 0.003427559742704034 11
1731857663277 0.0029799174517393112 12
1731857663915 0.003200317732989788 13
1731857664668 0.00430429307743907 14
1731857665283 0.0035903113894164562 15
1731857665874 0.0027611232362687588 16
1731857666527 0.00297640822827816 17
1731857667091 0.0036397133953869343 18
1731857667913 0.0027362797409296036 19
1731857668584 0.002494979416951537 20
1731857669317 0.002662715967744589 21
1731857669898 0.002452254993841052 22
1731857670533 0.0025115262251347303 23
1731857671207 0.0026160695124417543 24
1731857672057 0.0023722341284155846 25
1731857672689 0.002648824593052268 26
1731857673351 0.0024440097622573376 27
1731857673993 0.004481557756662369 28
1731857674662 0.004370615351945162 29
1731857675223 0.002926155924797058 30
1731857675929 0.0023981621488928795 31
1731857676493 0.0023735961876809597 32
1731857677053 0.002344236709177494 33
1731857677594 0.0024074153043329716 34
1731857678189 0.002302188193425536 35
1731857678783 0.002370971953496337 36
1731857679423 0.0020968038588762283 37
1731857680022 0.002499943133443594 38
1731857680646 0.002142398152500391 39
1731857681588 0.0021694654133170843 40
1731857682181 0.0024836757220327854 41
1731857682755 0.0023349218536168337 42
1731857683303 0.0020950527396053076 43
1731857684038 0.0026828560512512922 44
1731857684580 0.0072895437479019165 45
1731857685163 0.0023488374426960945 46
1731857685812 0.0021519602742046118 47
1731857686369 0.0024095135740935802 48
1731857687025 0.0020683661568909883 49
