1731851888652 0.14074327051639557 0
1731851889335 0.03850657865405083 1
1731851890036 0.020920563489198685 2
1731851890688 0.01880289986729622 3
1731851891210 0.01119107473641634 4
1731851891836 0.009280329570174217 5
1731851892621 0.008405853062868118 6
1731851893226 0.00769423320889473 7
1731851894158 0.0073820920661091805 8
1731851895364 0.006479647941887379 9
1731851896260 0.005654958076775074 10
1731851896953 0.005229693837463856 11
1731851897740 0.013072791509330273 12
1731851898289 0.01029874011874199 13
1731851898965 0.013322129845619202 14
1731851899548 0.006321891210973263 15
1731851900250 0.0052419002167880535 16
1731851900818 0.005204943940043449 17
1731851901376 0.004501253366470337 18
1731851902014 0.004513880237936974 19
1731851902585 0.0043190838769078255 20
1731851903122 0.004355952609330416 21
1731851903768 0.00458929780870676 22
1731851904274 0.004336053505539894 23
1731851904863 0.0036417474038898945 24
1731851905531 0.003896429669111967 25
1731851906077 0.003564851824194193 26
1731851906718 0.0036686330568045378 27
1731851907433 0.003200164996087551 28
1731851907985 0.003307243576273322 29
1731851908618 0.003029747400432825 30
1731851909190 0.004693151917308569 31
1731851909813 0.005871249362826347 32
1731851910362 0.007003694772720337 33
1731851911012 0.0066602216102182865 34
1731851911998 0.0043639447540044785 35
1731851912742 0.003555040340870619 36
1731851913366 0.004312823060899973 37
1731851913902 0.0031145415268838406 38
1731851914582 0.003107020165771246 39
1731851915541 0.0032636027317494154 40
1731851916216 0.003069536527618766 41
1731851916949 0.003371255239471793 42
1731851917524 0.0026097737718373537 43
1731851918110 0.0035349824465811253 44
1731851918657 0.0027333246544003487 45
1731851919217 0.003125864313915372 46
1731851919804 0.002399501157924533 47
1731851920427 0.0029263910837471485 48
1731851921017 0.002855517202988267 49
