1731891752045 0.011305388994514942 0
1731891752949 0.005189729388803244 1
1731891753710 0.004584782291203737 2
1731891754572 0.0030551531817764044 3
1731891755313 0.003175707533955574 4
1731891756048 0.003479942213743925 5
1731891756801 0.002850832650437951 6
1731891757698 0.0025671033654361963 7
1731891758558 0.0026045041158795357 8
1731891759305 0.002428588690236211 9
1731891760028 0.0023686736822128296 10
1731891760885 0.0024734018370509148 11
1731891761624 0.0022936814930289984 12
1731891762367 0.0021014425437897444 13
1731891763237 0.0018776794895529747 14
1731891763984 0.0021747781429439783 15
1731891764719 0.002318745944648981 16
1731891765570 0.0017545151058584452 17
1731891766308 0.0020799178164452314 18
1731891767099 0.0018943686736747622 19
1731891767857 0.002006118418648839 20
1731891768738 0.0019540158100426197 21
1731891769559 0.002127528889104724 22
1731891770326 0.0015847341855987906 23
1731891771076 0.0016430834075435996 24
1731891771812 0.0018235851312056184 25
1731891772575 0.0017879994120448828 26
1731891773319 0.0016218106029555202 27
1731891774058 0.0014880882808938622 28
1731891774828 0.0016998611390590668 29
1731891775565 0.0014737406745553017 30
1731891776292 0.0019218787783756852 31
1731891777057 0.0014566549798473716 32
1731891777811 0.001395389554090798 33
1731891778557 0.001680969842709601 34
1731891779328 0.00161235430277884 35
1731891780156 0.001466555637307465 36
1731891781017 0.001573884510435164 37
1731891781777 0.001650964724831283 38
1731891782528 0.001472782576456666 39
1731891783275 0.0017264413181692362 40
1731891784026 0.0014085476286709309 41
1731891784763 0.0014795911265537143 42
1731891785506 0.0013358163414523005 43
1731891786277 0.0016095221508294344 44
1731891787030 0.0013852755073457956 45
1731891787767 0.0012750084279105067 46
1731891788522 0.0016489415429532528 47
1731891789272 0.0012359871761873364 48
1731891790104 0.0013293612282723188 49
