1731858981492 0.06833084672689438 0
1731858982094 0.013344861567020416 1
1731858982685 0.009502796456217766 2
1731858983300 0.006737252697348595 3
1731858983794 0.005167535971850157 4
1731858984376 0.004404312931001186 5
1731858984874 0.004309334326535463 6
1731858985391 0.004296214785426855 7
1731858985975 0.004083047155290842 8
1731858986563 0.0036668656393885612 9
1731858987061 0.004528114106506109 10
1731858987575 0.003458720166236162 11
1731858988066 0.00465337373316288 12
1731858988565 0.004749879240989685 13
1731858989054 0.003582056611776352 14
1731858989563 0.003169667674228549 15
1731858990297 0.0031503483187407255 16
1731858990796 0.0032219807617366314 17
1731858991292 0.004026778042316437 18
1731858991785 0.0034727484453469515 19
1731858992305 0.0029565985314548016 20
1731858992904 0.002858138410374522 21
1731858993485 0.002700244542211294 22
1731858994069 0.0025950060226023197 23
1731858994584 0.0031168751884251833 24
1731858995079 0.002722969511523843 25
1731858995574 0.0022570365108549595 26
1731858996067 0.0028278313111513853 27
1731858996569 0.002376481192186475 28
1731858997086 0.002474447712302208 29
1731858997583 0.0024304853286594152 30
1731858998074 0.002309788018465042 31
1731858998658 0.002359258709475398 32
1731858999170 0.0027149654924869537 33
1731858999663 0.0021764168050140142 34
1731859000459 0.002040208550170064 35
1731859000956 0.002420669188722968 36
1731859001475 0.002744195982813835 37
1731859001965 0.0026380589697510004 38
1731859002456 0.0020553276408463717 39
1731859002942 0.0018984286580234766 40
1731859003460 0.0021014371886849403 41
1731859003958 0.0018849822226911783 42
1731859004451 0.0021519651636481285 43
1731859004942 0.001863756449893117 44
1731859005439 0.00258602574467659 45
1731859006050 0.0026228397618979216 46
1731859006632 0.0022668668534606695 47
1731859007119 0.0020538975950330496 48
1731859007623 0.0034956701565533876 49
