1731881777690 0.0976986363530159 0
1731881778443 0.009577068500220776 1
1731881779006 0.00782098900526762 2
1731881779575 0.0039604161866009235 3
1731881780135 0.00351890129968524 4
1731881780834 0.0032763569615781307 5
1731881781213 0.0024033375084400177 6
1731881781624 0.00239363731816411 7
1731881782197 0.0021021461579948664 8
1731881782622 0.0021574513521045446 9
1731881783039 0.0019217674853280187 10
1731881783460 0.0017687713261693716 11
1731881783881 0.0018869383493438363 12
1731881784329 0.0017558136023581028 13
1731881784747 0.0017014846671372652 14
1731881785252 0.0017643063329160213 15
1731881785661 0.0017663772450760007 16
1731881786198 0.0017002010717988014 17
1731881786939 0.0016401292523369193 18
1731881787357 0.0015356952790170908 19
1731881787809 0.0017620554426684976 20
1731881788225 0.0016415197169408202 21
1731881788637 0.0015817321836948395 22
1731881789052 0.0015666207764297724 23
1731881789479 0.001422311645001173 24
1731881790035 0.0013374744448810816 25
1731881790444 0.002378716366365552 26
1731881790989 0.0015816716477274895 27
1731881791436 0.0017275437712669373 28
1731881791850 0.0019340586150065064 29
1731881792259 0.0013653385685756803 30
1731881792716 0.001249863300472498 31
1731881793384 0.0013182875700294971 32
1731881793873 0.0012620636261999607 33
1731881794648 0.0013058735057711601 34
1731881795129 0.001249198685400188 35
1731881795762 0.001238055876456201 36
1731881796318 0.001228800043463707 37
1731881796925 0.0012119115563109517 38
1731881797349 0.0012359940446913242 39
1731881797761 0.0013554610777646303 40
1731881798196 0.0012930360389873385 41
1731881798624 0.001211458700709045 42
1731881799044 0.0012781188124790788 43
1731881799446 0.001367973629385233 44
1731881799844 0.0012386097805574536 45
1731881800260 0.0012497452553361654 46
1731881800674 0.0012642754008993506 47
1731881801244 0.0014295426663011312 48
1731881801662 0.0017867565620690584 49
