1731860480950 0.1548609733581543 0
1731860481617 0.05206270143389702 1
1731860482261 0.032042574137449265 2
1731860482985 0.018941594287753105 3
1731860483583 0.014099281281232834 4
1731860484222 0.01707484759390354 5
1731860484761 0.01180774811655283 6
1731860485320 0.008528223261237144 7
1731860485961 0.007753781042993069 8
1731860486742 0.007050719112157822 9
1731860487410 0.008407351560890675 10
1731860487937 0.007046215236186981 11
1731860488464 0.006182597950100899 12
1731860488990 0.006793609354645014 13
1731860489545 0.0068266927264630795 14
1731860490082 0.007127220742404461 15
1731860490623 0.006426715757697821 16
1731860491204 0.005398685112595558 17
1731860491795 0.005442109424620867 18
1731860492473 0.004953222349286079 19
1731860493027 0.005463363602757454 20
1731860493704 0.004760071635246277 21
1731860494517 0.004646844696253538 22
1731860495067 0.004647053312510252 23
1731860495614 0.005324052646756172 24
1731860496163 0.004686518106609583 25
1731860496744 0.00480294693261385 26
1731860497438 0.005136815831065178 27
1731860497992 0.0038071610033512115 28
1731860498544 0.00567224994301796 29
1731860499122 0.004986373707652092 30
1731860499670 0.004115668591111898 31
1731860500329 0.0038733258843421936 32
1731860500993 0.004965988919138908 33
1731860501566 0.004208891652524471 34
1731860502114 0.006560659501701593 35
1731860502652 0.004798635840415955 36
1731860503200 0.003916678950190544 37
1731860503774 0.0038737121503800154 38
1731860504387 0.003969556652009487 39
1731860505050 0.0031968909315764904 40
1731860505617 0.0035514559131115675 41
1731860506193 0.003797748126089573 42
1731860506854 0.0033037031535059214 43
1731860507399 0.003390362486243248 44
1731860508086 0.004709791392087936 45
1731860508640 0.004137457348406315 46
1731860509191 0.003306908765807748 47
1731860509845 0.004292511846870184 48
1731860510526 0.0030784818809479475 49
