1731868649566 0.030219126492738724 0
1731868650681 0.014824281446635723 1
1731868651818 0.0031303854193538427 2
1731868653066 0.00289765652269125 3
1731868654400 0.0023606596514582634 4
1731868655499 0.002508772537112236 5
1731868656570 0.0017269952222704887 6
1731868657610 0.001689415774308145 7
1731868658746 0.0017550097545608878 8
1731868659758 0.0017542772693559527 9
1731868660999 0.0021098272409290075 10
1731868662063 0.0017919932724907994 11
1731868663121 0.002687139203771949 12
1731868664345 0.002856754930689931 13
1731868665477 0.0017628661589697003 14
1731868666581 0.0019073672592639923 15
1731868667589 0.001961063127964735 16
1731868668628 0.001406390336342156 17
1731868669847 0.0014199009165167809 18
1731868670885 0.0024184943176805973 19
1731868671957 0.0015355688519775867 20
1731868672956 0.001983302179723978 21
1731868673997 0.0023005276452749968 22
1731868675042 0.0014535334194079041 23
1731868676068 0.00131543492898345 24
1731868677293 0.0014688940718770027 25
1731868678403 0.0013346930500119925 26
1731868679594 0.0013223773567005992 27
1731868680768 0.001990573015064001 28
1731868681947 0.0015401691198349 29
1731868683098 0.001185916131362319 30
1731868684114 0.0015903066378086805 31
1731868685124 0.0020182300359010696 32
1731868686165 0.002407498424872756 33
1731868687367 0.002040147315710783 34
1731868688489 0.0021315990015864372 35
1731868689540 0.0027058206032961607 36
1731868690596 0.001205098582431674 37
1731868691657 0.001481099403463304 38
1731868692728 0.0011712572304531932 39
1731868693871 0.0012033311650156975 40
1731868694890 0.0012211609864607453 41
1731868696084 0.0012289425358176231 42
1731868697138 0.0010640560649335384 43
1731868698178 0.0011238247388973832 44
1731868699381 0.0010468338150531054 45
1731868700540 0.0010260281851515174 46
1731868701583 0.0011271948460489511 47
1731868702678 0.001057003391906619 48
1731868703734 0.002146458486095071 49
