1731883179641 0.031713154166936874 0
1731883181205 0.009783556684851646 1
1731883182753 0.03236237168312073 2
1731883184147 0.012136652134358883 3
1731883185722 0.003860046621412039 4
1731883187101 0.0032879048958420753 5
1731883188826 0.0030170755926519632 6
1731883190178 0.003197800600901246 7
1731883191581 0.0033193593844771385 8
1731883193198 0.0029416445177048445 9
1731883194549 0.002383685205131769 10
1731883196080 0.002498151268810034 11
1731883197466 0.0025687627494335175 12
1731883198798 0.00275093549862504 13
1731883200358 0.0021779052913188934 14
1731883201733 0.0024972576647996902 15
1731883203064 0.002258563181385398 16
1731883204426 0.002035874407738447 17
1731883205939 0.0018483797321096063 18
1731883207526 0.001908285659737885 19
1731883208865 0.0017696860013529658 20
1731883210229 0.0018193611176684499 21
1731883211620 0.0017479126108810306 22
1731883213128 0.001875783083960414 23
1731883214492 0.002616375684738159 24
1731883215838 0.0021544420160353184 25
1731883217469 0.0020228635985404253 26
1731883218815 0.001618254347704351 27
1731883220170 0.0016921760980039835 28
1731883221610 0.0018744346452876925 29
1731883223021 0.001722394023090601 30
1731883224571 0.0016743878368288279 31
1731883226376 0.001619711983948946 32
1731883228105 0.001562091987580061 33
1731883229662 0.0015498159918934107 34
1731883231132 0.0015765897696837783 35
1731883232577 0.0014295687433332205 36
1731883234109 0.0014509863685816526 37
1731883235576 0.0015549378003925085 38
1731883237153 0.001429433235898614 39
1731883238818 0.0014876078348606825 40
1731883240740 0.0014421213418245316 41
1731883242532 0.0016447347588837147 42
1731883244857 0.0013990090228617191 43
1731883246821 0.001402065739966929 44
1731883248865 0.0013020910555496812 45
1731883250289 0.001432766322977841 46
1731883251800 0.001758013037033379 47
1731883253190 0.0014574209926649928 48
1731883254535 0.0015195446321740746 49
