1731861408581 0.4734312891960144 0
1731861409236 0.1876390427350998 1
1731861409890 0.09947016090154648 2
1731861410560 0.04454835504293442 3
1731861411200 0.02716919779777527 4
1731861411990 0.020848320797085762 5
1731861412540 0.018506933003664017 6
1731861413062 0.017995566129684448 7
1731861413712 0.013052109628915787 8
1731861414233 0.014136037789285183 9
1731861414783 0.018654746934771538 10
1731861415422 0.010840164497494698 11
1731861415940 0.017970938235521317 12
1731861416468 0.01487614307552576 13
1731861417010 0.009342920035123825 14
1731861417552 0.008136077784001827 15
1731861418080 0.01376199722290039 16
1731861418600 0.007071335334330797 17
1731861419434 0.0064606331288814545 18
1731861420047 0.007354694418609142 19
1731861420584 0.008184105157852173 20
1731861421134 0.006143765524029732 21
1731861421724 0.005470538977533579 22
1731861422312 0.008991354145109653 23
1731861422967 0.01229136623442173 24
1731861423491 0.01382325030863285 25
1731861424038 0.009224451147019863 26
1731861424566 0.007648985367268324 27
1731861425096 0.006017204839736223 28
1731861425618 0.006035588216036558 29
1731861426278 0.006966621149331331 30
1731861426808 0.006205930840224028 31
1731861427328 0.00743176368996501 32
1731861427856 0.009387645870447159 33
1731861428385 0.006076655816286802 34
1731861428928 0.005279471632093191 35
1731861429446 0.007079599890857935 36
1731861429969 0.010398033075034618 37
1731861430502 0.014361981302499771 38
1731861431045 0.00651623634621501 39
1731861431571 0.005588063970208168 40
1731861432083 0.005083488300442696 41
1731861432612 0.00568452849984169 42
1731861433157 0.007117469795048237 43
1731861433691 0.007423210423439741 44
1731861434458 0.004571656696498394 45
1731861434984 0.004315692465752363 46
1731861435524 0.006120077334344387 47
1731861436048 0.006850563455373049 48
1731861436577 0.004840487148612738 49
