1731859579220 0.0628686398267746 0
1731859580005 0.024421444162726402 1
1731859580621 0.009708894416689873 2
1731859581143 0.009374725632369518 3
1731859581680 0.005811125505715609 4
1731859582291 0.004219425842165947 5
1731859582901 0.007397194858640432 6
1731859583422 0.008670857176184654 7
1731859584082 0.003911953419446945 8
1731859584578 0.0031694567296653986 9
1731859585089 0.0030208416283130646 10
1731859585604 0.003549182089045644 11
1731859586137 0.004608798772096634 12
1731859586651 0.0029367918614298105 13
1731859587161 0.0036489712074398994 14
1731859587914 0.003827479435130954 15
1731859588453 0.003689853008836508 16
1731859589063 0.0028383214958012104 17
1731859589683 0.002452158834785223 18
1731859590193 0.00447753444314003 19
1731859590727 0.0028672534972429276 20
1731859591334 0.0024211283307522535 21
1731859591837 0.0025242166593670845 22
1731859592347 0.0021715695038437843 23
1731859592882 0.002579707885161042 24
1731859593402 0.0028989026322960854 25
1731859593908 0.0022291699424386024 26
1731859594430 0.0019515410531312227 27
1731859594943 0.0023646107874810696 28
1731859595481 0.0037952708080410957 29
1731859595998 0.0036528019700199366 30
1731859596483 0.0024714702740311623 31
1731859597232 0.0023177829571068287 32
1731859597777 0.0021187036763876677 33
1731859598288 0.002047494286671281 34
1731859598815 0.002298524370416999 35
1731859599334 0.002070346847176552 36
1731859599867 0.0018886653706431389 37
1731859600380 0.0019155633635818958 38
1731859601001 0.001901807845570147 39
1731859601517 0.00190164044033736 40
1731859602080 0.0017218514112755656 41
1731859602719 0.0018189732218161225 42
1731859603248 0.0025470454711467028 43
1731859603762 0.0022868821397423744 44
1731859604479 0.001644230680540204 45
1731859605053 0.0018651342252269387 46
1731859605569 0.0018641670467332006 47
1731859606334 0.0021272345911711454 48
1731859606869 0.0017178335692733526 49
