1731876199709 0.016786038875579834 0
1731876200661 0.004344922956079245 1
1731876201615 0.003130129771307111 2
1731876202630 0.0025308034382760525 3
1731876203598 0.002578536281362176 4
1731876204507 0.0026776439044624567 5
1731876205463 0.0023142702411860228 6
1731876206348 0.0022156708873808384 7
1731876207223 0.002207971876487136 8
1731876208095 0.0022419188171625137 9
1731876208988 0.0021266944240778685 10
1731876210118 0.0020262794569134712 11
1731876211017 0.0018700321670621634 12
1731876211898 0.0019432586850598454 13
1731876212923 0.001749721122905612 14
1731876213835 0.001773335738107562 15
1731876214693 0.001902222284115851 16
1731876215582 0.0016748904017731547 17
1731876216457 0.0015897660050541162 18
1731876217312 0.0016212953487411141 19
1731876218194 0.0016503194347023964 20
1731876219072 0.001590588130056858 21
1731876219981 0.0014798754127696157 22
1731876220853 0.0015563275665044785 23
1731876221944 0.0014502211706712842 24
1731876222854 0.0013962958473712206 25
1731876223733 0.0015111881075426936 26
1731876224663 0.0014954390935599804 27
1731876225524 0.0015054354444146156 28
1731876226385 0.0017434562323614955 29
1731876227287 0.001417354098521173 30
1731876228165 0.0014857654459774494 31
1731876229054 0.0013296366669237614 32
1731876229905 0.001466740039177239 33
1731876230938 0.001303053111769259 34
1731876231836 0.001320847193710506 35
1731876232699 0.0014658732106909156 36
1731876233631 0.0012667776318266988 37
1731876234640 0.0013597889337688684 38
1731876235503 0.0012776008807122707 39
1731876236405 0.0013927738182246685 40
1731876237357 0.0015185096999630332 41
1731876238243 0.0013916554162278771 42
1731876239106 0.001248460728675127 43
1731876240087 0.001518102828413248 44
1731876240978 0.0012633224250748754 45
1731876241924 0.0012909570941701531 46
1731876242818 0.001250762608833611 47
1731876243694 0.0012445248430594802 48
1731876244567 0.0013267372269183397 49
