1731860001489 0.16410012543201447 0
1731860002120 0.05481461435556412 1
1731860002728 0.027920566499233246 2
1731860003329 0.029769742861390114 3
1731860003854 0.025267526507377625 4
1731860004356 0.016529371961951256 5
1731860004869 0.011657116934657097 6
1731860005476 0.00961514562368393 7
1731860006113 0.013206767849624157 8
1731860006618 0.01125724520534277 9
1731860007128 0.015004366636276245 10
1731860007635 0.013226190581917763 11
1731860008146 0.012726156041026115 12
1731860008679 0.006947692483663559 13
1731860009177 0.009249839931726456 14
1731860009686 0.008605930022895336 15
1731860010306 0.005971843842417002 16
1731860011092 0.005955019500106573 17
1731860011604 0.005887289997190237 18
1731860012220 0.005224011372774839 19
1731860012729 0.005403192713856697 20
1731860013263 0.005460833199322224 21
1731860013774 0.005566695239394903 22
1731860014291 0.005363340023905039 23
1731860014798 0.005170292221009731 24
1731860015417 0.006330681964755058 25
1731860015939 0.004327511880546808 26
1731860016443 0.004067381378263235 27
1731860017069 0.005046261008828878 28
1731860017616 0.005235775839537382 29
1731860018142 0.004088323097676039 30
1731860018893 0.004282946232706308 31
1731860019395 0.003961088601499796 32
1731860019899 0.004186594858765602 33
1731860020435 0.003616862930357456 34
1731860021067 0.0034462118055671453 35
1731860021575 0.004374390468001366 36
1731860022090 0.004535357467830181 37
1731860022623 0.008071169257164001 38
1731860023131 0.0038856533356010914 39
1731860023637 0.003486155765131116 40
1731860024141 0.0029765102081000805 41
1731860024671 0.0033302397932857275 42
1731860025181 0.0034188171848654747 43
1731860025798 0.003024467034265399 44
1731860026302 0.0032721080351620913 45
1731860026854 0.004188511986285448 46
1731860027364 0.0047181034460663795 47
1731860027869 0.003440492320805788 48
1731860028377 0.005066525191068649 49
