1731867595451 0.09119251370429993 0
1731867596106 0.02123095653951168 1
1731867596680 0.011737884022295475 2
1731867597316 0.006519783288240433 3
1731867597937 0.003989958669990301 4
1731867598681 0.004571978934109211 5
1731867599319 0.003456844249740243 6
1731867600119 0.003246331587433815 7
1731867600865 0.003336968831717968 8
1731867601506 0.006205480080097914 9
1731867602164 0.004058539867401123 10
1731867602935 0.003000767668709159 11
1731867603676 0.0034333907533437014 12
1731867604231 0.0039361026138067245 13
1731867604764 0.005560093559324741 14
1731867605314 0.0024193739518523216 15
1731867606057 0.0025162328965961933 16
1731867606597 0.0025002816691994667 17
1731867607213 0.0024606757797300816 18
1731867607912 0.00593042466789484 19
1731867608466 0.003077510977163911 20
1731867609100 0.0027510281652212143 21
1731867609654 0.00269894627854228 22
1731867610262 0.003194579156115651 23
1731867610822 0.0026321331970393658 24
1731867611369 0.004492717329412699 25
1731867611915 0.0022063003852963448 26
1731867612631 0.0020060220267623663 27
1731867613477 0.0028738060500472784 28
1731867614122 0.00446965079754591 29
1731867614739 0.002268851501867175 30
1731867615374 0.0022034684661775827 31
1731867615949 0.0018546265782788396 32
1731867616503 0.0017943279817700386 33
1731867617057 0.0019061209168285131 34
1731867617754 0.0018175230361521244 35
1731867618384 0.001756994053721428 36
1731867618941 0.0018744452390819788 37
1731867619465 0.002036424120888114 38
1731867620104 0.0017347653629258275 39
1731867620651 0.0017274153651669621 40
1731867621287 0.0016588291618973017 41
1731867621833 0.001874745124951005 42
1731867622468 0.0021531342063099146 43
1731867623044 0.002025332534685731 44
1731867623583 0.0015964986523613334 45
1731867624126 0.0015949816443026066 46
1731867624690 0.0018576948205009103 47
1731867625324 0.0015881014987826347 48
1731867625863 0.0018460748251527548 49
