1731879653985 0.10092359781265259 0
1731879654830 0.009529844857752323 1
1731879655642 0.007401959039270878 2
1731879656342 0.003784382715821266 3
1731879657008 0.01102965697646141 4
1731879657846 0.0030327935237437487 5
1731879658541 0.004514215514063835 6
1731879659255 0.0033712079748511314 7
1731879659949 0.004737081937491894 8
1731879660841 0.003747012931853533 9
1731879661561 0.0031442102044820786 10
1731879662519 0.0029176617972552776 11
1731879663216 0.0027616643346846104 12
1731879664064 0.0024971552193164825 13
1731879664755 0.0024959470611065626 14
1731879665563 0.002541417721658945 15
1731879666274 0.0023821897339075804 16
1731879666971 0.0030259627383202314 17
1731879667785 0.0018338573863729835 18
1731879668504 0.0026472725439816713 19
1731879669240 0.0021188242826610804 20
1731879670246 0.003007092047482729 21
1731879671003 0.0022848122753202915 22
1731879671694 0.0024776251520961523 23
1731879672388 0.001901413081213832 24
1731879673104 0.0019941837526857853 25
1731879673791 0.002394541632384062 26
1731879674517 0.002012832323089242 27
1731879675210 0.0016891367267817259 28
1731879675929 0.002187788952142 29
1731879676624 0.002161564538255334 30
1731879677315 0.0015887790359556675 31
1731879678033 0.002118263626471162 32
1731879678731 0.0021592334378510714 33
1731879679471 0.001414331141859293 34
1731879680192 0.0016728410264477134 35
1731879680889 0.0020357368048280478 36
1731879681578 0.0023169913329184055 37
1731879682271 0.0018585004145279527 38
1731879683139 0.0017280273605138063 39
1731879683839 0.00232028984464705 40
1731879684699 0.00166135944891721 41
1731879685405 0.0017068019369617105 42
1731879686084 0.0023603136651217937 43
1731879686766 0.0017325959634035826 44
1731879687479 0.0015399915864691138 45
1731879688178 0.0017607820918783545 46
1731879688870 0.0017417973140254617 47
1731879689619 0.0017263400368392467 48
1731879690322 0.0020718658342957497 49
