1731853121360 0.18566502630710602 0
1731853121961 0.1854126751422882 1
1731853122573 0.18516789376735687 2
1731853123169 0.18492573499679565 3
1731853123965 0.18468521535396576 4
1731853124580 0.1844501793384552 5
1731853125170 0.18422147631645203 6
1731853125791 0.18398955464363098 7
1731853126418 0.18376067280769348 8
1731853127013 0.18353982269763947 9
1731853127623 0.183317631483078 10
1731853128218 0.18310220539569855 11
1731853129061 0.1828857660293579 12
1731853129663 0.18267275393009186 13
1731853130270 0.1824646294116974 14
1731853130919 0.18225815892219543 15
1731853131530 0.18205806612968445 16
1731853132134 0.18185709416866302 17
1731853132890 0.18166103959083557 18
1731853133522 0.18146440386772156 19
1731853134113 0.18127283453941345 20
1731853134709 0.18107891082763672 21
1731853135319 0.1808934509754181 22
1731853135929 0.18070870637893677 23
1731853136535 0.18052661418914795 24
1731853137293 0.18034787476062775 25
1731853137890 0.1801704317331314 26
1731853138658 0.17999370396137238 27
1731853139250 0.17982234060764313 28
1731853139851 0.17965096235275269 29
1731853140492 0.17948608100414276 30
1731853141124 0.17931851744651794 31
1731853141872 0.17915686964988708 32
1731853142482 0.1789928674697876 33
1731853143091 0.17883241176605225 34
1731853143695 0.17867878079414368 35
1731853144303 0.17852430045604706 36
1731853144897 0.17837192118167877 37
1731853145528 0.17821957170963287 38
1731853146294 0.17807036638259888 39
1731853146886 0.1779235154390335 40
1731853147521 0.1777786910533905 41
1731853148103 0.1776353120803833 42
1731853148710 0.17749784886837006 43
1731853149313 0.17735636234283447 44
1731853149930 0.17722056806087494 45
1731853150691 0.17708611488342285 46
1731853151280 0.1769520491361618 47
1731853151881 0.17682160437107086 48
1731853152531 0.17669032514095306 49
