1731859908185 0.10631789267063141 0
1731859909000 0.034945473074913025 1
1731859909626 0.0252009816467762 2
1731859910131 0.01812412030994892 3
1731859910744 0.01369599811732769 4
1731859911433 0.012039047665894032 5
1731859911963 0.010037113912403584 6
1731859912559 0.009663629345595837 7
1731859913068 0.007771872915327549 8
1731859913602 0.007754113059490919 9
1731859914096 0.010415585711598396 10
1731859914596 0.007510835770517588 11
1731859915199 0.01714751124382019 12
1731859915733 0.011511295102536678 13
1731859916238 0.006239440757781267 14
1731859916748 0.006293589249253273 15
1731859917496 0.005634904373437166 16
1731859918126 0.006291509140282869 17
1731859918625 0.0054536242969334126 18
1731859919127 0.005694059655070305 19
1731859919735 0.005288189277052879 20
1731859920271 0.007171140983700752 21
1731859920789 0.00516209751367569 22
1731859921389 0.004892271012067795 23
1731859921896 0.005024966783821583 24
1731859922404 0.007427547127008438 25
1731859922914 0.00570778688415885 26
1731859923425 0.006168171763420105 27
1731859923935 0.005748966708779335 28
1731859924445 0.004378944635391235 29
1731859924976 0.0047747427597641945 30
1731859925480 0.004305655136704445 31
1731859926221 0.004046173300594091 32
1731859927033 0.0036883738357573748 33
1731859927555 0.003886597463861108 34
1731859928172 0.004909209441393614 35
1731859928680 0.0041253818199038506 36
1731859929191 0.003856960916891694 37
1731859929714 0.0034983123186975718 38
1731859930228 0.003805596614256501 39
1731859930742 0.004067454021424055 40
1731859931250 0.0047302646562457085 41
1731859931776 0.004879445768892765 42
1731859932269 0.004617482889443636 43
1731859932770 0.00655115582048893 44
1731859933286 0.003734498517587781 45
1731859933815 0.004584004171192646 46
1731859934332 0.003431774443015456 47
1731859934837 0.0034948026295751333 48
1731859935343 0.003874878166243434 49
