1731879224925 0.024063531309366226 0
1731879226118 0.0046286857686936855 1
1731879227199 0.004026046022772789 2
1731879228381 0.002773403422906995 3
1731879229462 0.0021429378539323807 4
1731879230660 0.0016417913138866425 5
1731879231818 0.0022174573969095945 6
1731879232888 0.0018121934263035655 7
1731879233977 0.0014013891341164708 8
1731879235052 0.0013512056320905685 9
1731879236289 0.0018364721909165382 10
1731879237467 0.0015645651146769524 11
1731879238549 0.0014281949261203408 12
1731879239653 0.001737420097924769 13
1731879240866 0.001295087393373251 14
1731879241930 0.001228115987032652 15
1731879242993 0.0015374403446912766 16
1731879244098 0.0015475214459002018 17
1731879245161 0.002057772595435381 18
1731879246234 0.0014597211265936494 19
1731879247294 0.0014873273903504014 20
1731879248530 0.0012320884270593524 21
1731879249745 0.0011866629356518388 22
1731879251011 0.0011398808564990759 23
1731879252084 0.0012822907883673906 24
1731879253170 0.0016376121202483773 25
1731879254267 0.0018210558919236064 26
1731879255491 0.0012790822656825185 27
1731879256562 0.0014259457821026444 28
1731879257634 0.0012044139439240098 29
1731879258705 0.0023018664214760065 30
1731879259999 0.0012674960307776928 31
1731879261202 0.00119005364831537 32
1731879262369 0.0010999664664268494 33
1731879263595 0.0010957474587485194 34
1731879264723 0.001335027627646923 35
1731879265779 0.001107307500205934 36
1731879266990 0.0012421944411471486 37
1731879268090 0.001385663403198123 38
1731879269166 0.0010703371372073889 39
1731879270285 0.0009699874208308756 40
1731879271531 0.001173396478407085 41
1731879272770 0.0011734148720279336 42
1731879273924 0.001049612881615758 43
1731879275096 0.0010680631967261434 44
1731879276231 0.001179749728180468 45
1731879277429 0.0010290746577084064 46
1731879278520 0.0013379126321524382 47
1731879279625 0.0013704424491152167 48
1731879280660 0.0009296590578742325 49
