1731859627480 0.08153882622718811 0
1731859628110 0.040291931480169296 1
1731859628733 0.02279145084321499 2
1731859629363 0.017069414258003235 3
1731859629974 0.014054488390684128 4
1731859630665 0.011088449507951736 5
1731859631313 0.010533178225159645 6
1731859631931 0.009537629783153534 7
1731859632431 0.009330395609140396 8
1731859632950 0.010063321329653263 9
1731859633783 0.00762717891484499 10
1731859634308 0.007486437447369099 11
1731859634811 0.006976032629609108 12
1731859635417 0.006701939273625612 13
1731859635954 0.00826020073145628 14
1731859636468 0.009371318854391575 15
1731859636971 0.010703599080443382 16
1731859637482 0.005619958974421024 17
1731859638115 0.0062288870103657246 18
1731859638617 0.005300166085362434 19
1731859639127 0.004828496370464563 20
1731859639625 0.004769436549395323 21
1731859640134 0.004410268738865852 22
1731859640663 0.005120394751429558 23
1731859641267 0.003972623962908983 24
1731859641777 0.004191366955637932 25
1731859642279 0.0044518220238387585 26
1731859642815 0.004172998014837503 27
1731859643315 0.003623244119808078 28
1731859643829 0.003695318242534995 29
1731859644356 0.004875331185758114 30
1731859644896 0.004087955225259066 31
1731859645398 0.004662834107875824 32
1731859646020 0.004898879211395979 33
1731859646531 0.004441443365067244 34
1731859647042 0.006228860467672348 35
1731859647567 0.012256002053618431 36
1731859648080 0.005065262317657471 37
1731859648690 0.0036250464618206024 38
1731859649200 0.0037914037238806486 39
1731859649736 0.003521523904055357 40
1731859650349 0.0034156623296439648 41
1731859650952 0.003404527436941862 42
1731859651459 0.003534457180649042 43
1731859651990 0.003793934127315879 44
1731859652512 0.003070934908464551 45
1731859653023 0.0029926542192697525 46
1731859653535 0.0028552839066833258 47
1731859654065 0.00348303304053843 48
1731859654595 0.005508761387318373 49
