1731858109583 0.10194846987724304 0
1731858110184 0.038003984838724136 1
1731858110678 0.02943386323750019 2
1731858111180 0.011059331707656384 3
1731858111699 0.007818112149834633 4
1731858112216 0.006057891994714737 5
1731858112776 0.005562624428421259 6
1731858113350 0.013042110949754715 7
1731858113861 0.00784833449870348 8
1731858114370 0.005007321480661631 9
1731858114860 0.005390254780650139 10
1731858115469 0.004598811734467745 11
1731858116110 0.0040512061677873135 12
1731858116627 0.005256220698356628 13
1731858117115 0.0032902839593589306 14
1731858117629 0.003195522353053093 15
1731858118119 0.0030273522716015577 16
1731858118651 0.0027530472725629807 17
1731858119152 0.0026782765053212643 18
1731858119645 0.0026844548992812634 19
1731858120142 0.0026247685309499502 20
1731858120670 0.0026614214293658733 21
1731858121175 0.0030992126557976007 22
1731858121679 0.0026665539480745792 23
1731858122177 0.0026982328854501247 24
1731858122670 0.00288501032628119 25
1731858123216 0.002745158737525344 26
1731858123709 0.0025526280514895916 27
1731858124311 0.002882435219362378 28
1731858124804 0.002886358881369233 29
1731858125345 0.0023724567145109177 30
1731858125847 0.0023974047508090734 31
1731858126358 0.0023275213316082954 32
1731858126845 0.0025631175376474857 33
1731858127358 0.0023662112653255463 34
1731858127872 0.0024459650740027428 35
1731858128460 0.003010073909536004 36
1731858129096 0.002532829763367772 37
1731858129638 0.002277182415127754 38
1731858130165 0.002227267250418663 39
1731858130668 0.0021275717299431562 40
1731858131161 0.0024563437327742577 41
1731858131662 0.0023745684884488583 42
1731858132185 0.002169039798900485 43
1731858132695 0.0025020248722285032 44
1731858133224 0.0023058184888213873 45
1731858133723 0.0022203591652214527 46
1731858134236 0.0021982768084853888 47
1731858134753 0.0023081570398062468 48
1731858135270 0.0021274713799357414 49
