1731848978225 0.16459326446056366 0
1731848979169 0.16459327936172485 1
1731848979994 0.16459329426288605 2
1731848980806 0.16459326446056366 3
1731848981665 0.16459326446056366 4
1731848982501 0.16459332406520844 5
1731848983317 0.16459324955940247 6
1731848984288 0.16459330916404724 7
1731848985133 0.16459326446056366 8
1731848985991 0.16459332406520844 9
1731848986833 0.16459329426288605 10
1731848987649 0.16459326446056366 11
1731848988517 0.16459327936172485 12
1731848989345 0.16459329426288605 13
1731848990191 0.16459329426288605 14
1731848991038 0.16459330916404724 15
1731848991914 0.16459332406520844 16
1731848992731 0.16459327936172485 17
1731848993609 0.16459330916404724 18
1731848994468 0.16459329426288605 19
1731848995482 0.16459329426288605 20
1731848996322 0.16459327936172485 21
1731848997153 0.16459326446056366 22
1731848998060 0.16459324955940247 23
1731848998879 0.16459326446056366 24
1731848999731 0.16459326446056366 25
1731849000628 0.16459329426288605 26
1731849001456 0.16459329426288605 27
1731849002326 0.16459326446056366 28
1731849003149 0.16459329426288605 29
1731849004001 0.16459329426288605 30
1731849004850 0.16459327936172485 31
1731849005851 0.16459324955940247 32
1731849006719 0.16459330916404724 33
1731849007573 0.16459327936172485 34
1731849008413 0.16459330916404724 35
1731849009262 0.16459327936172485 36
1731849010116 0.16459330916404724 37
1731849010936 0.16459326446056366 38
1731849011797 0.16459333896636963 39
1731849012650 0.16459332406520844 40
1731849013467 0.16459333896636963 41
1731849014355 0.16459326446056366 42
1731849015188 0.16459326446056366 43
1731849016296 0.16459324955940247 44
1731849017167 0.16459327936172485 45
1731849018009 0.16459332406520844 46
1731849018901 0.16459327936172485 47
1731849019718 0.16459324955940247 48
1731849020569 0.16459333896636963 49
1731849021438 0.16459330916404724 50
1731849022342 0.16459327936172485 51
1731849023241 0.16459329426288605 52
1731849024063 0.16459326446056366 53
1731849024926 0.16459329426288605 54
1731849025961 0.16459327936172485 55
1731849026830 0.16459329426288605 56
1731849027691 0.16459330916404724 57
1731849028546 0.16459323465824127 58
1731849029401 0.16459327936172485 59
1731849030247 0.16459326446056366 60
1731849031117 0.16459326446056366 61
1731849031963 0.16459326446056366 62
1731849032830 0.16459327936172485 63
1731849033715 0.16459330916404724 64
1731849034562 0.16459330916404724 65
1731849035573 0.16459332406520844 66
1731849036414 0.16459329426288605 67
1731849037297 0.16459327936172485 68
1731849038212 0.16459330916404724 69
1731849039041 0.16459327936172485 70
1731849039919 0.16459324955940247 71
1731849040768 0.16459333896636963 72
1731849041629 0.16459326446056366 73
1731849042525 0.16459327936172485 74
1731849043425 0.16459332406520844 75
1731849044328 0.16459330916404724 76
1731849045207 0.16459329426288605 77
1731849046083 0.16459330916404724 78
1731849046938 0.16459329426288605 79
1731849047793 0.16459330916404724 80
1731849048652 0.16459321975708008 81
1731849049510 0.16459326446056366 82
1731849050373 0.16459327936172485 83
1731849051204 0.16459332406520844 84
1731849052306 0.16459329426288605 85
1731849053161 0.16459327936172485 86
1731849054003 0.16459326446056366 87
1731849054899 0.16459326446056366 88
1731849055720 0.16459332406520844 89
1731849056637 0.16459329426288605 90
1731849057667 0.16459330916404724 91
1731849058495 0.16459326446056366 92
1731849059393 0.16459327936172485 93
1731849060240 0.16459330916404724 94
1731849061095 0.16459329426288605 95
1731849061959 0.16459329426288605 96
1731849062823 0.16459323465824127 97
1731849063672 0.16459332406520844 98
1731849064515 0.16459329426288605 99
