1731874979234 0.01486149337142706 0
1731874982361 0.0036257810425013304 1
1731874985160 0.002421002136543393 2
1731874987895 0.001578880357556045 3
1731874990743 0.001701701432466507 4
1731874993614 0.0020817192271351814 5
1731874996522 0.0013940096832811832 6
1731874999033 0.002003840170800686 7
1731875001623 0.0012951467651873827 8
1731875004035 0.001279634889215231 9
1731875006532 0.0011548580368980765 10
1731875009019 0.001421780907548964 11
1731875011558 0.0014133979566395283 12
1731875013951 0.0012814360670745373 13
1731875016444 0.001086781150661409 14
1731875018927 0.0011493111960589886 15
1731875021738 0.0011207264615222812 16
1731875024161 0.0013344711624085903 17
1731875026728 0.0011494191130623221 18
1731875029148 0.0011869578156620264 19
1731875031628 0.0010593855986371636 20
1731875034192 0.0012740020174533129 21
1731875036855 0.0010025782976299524 22
1731875039309 0.0010632690973579884 23
1731875041921 0.0009319242089986801 24
1731875044283 0.0010164841078221798 25
1731875046649 0.0013352432288229465 26
1731875049057 0.000988778076134622 27
1731875051695 0.0013860200997442007 28
1731875054097 0.0011999376583844423 29
1731875056623 0.0010259413393214345 30
1731875058963 0.0011008455185219646 31
1731875061389 0.0009992821142077446 32
1731875063765 0.0010363950859755278 33
1731875066312 0.0008735232404433191 34
1731875068713 0.0009874848183244467 35
1731875071096 0.0010567234130576253 36
1731875073554 0.0009666370460763574 37
1731875076301 0.0009512903052382171 38
1731875078816 0.0009000994614325464 39
1731875081259 0.0009657928603701293 40
1731875083626 0.0008569125202484429 41
1731875085970 0.0009402061114087701 42
1731875088397 0.0009744985727593303 43
1731875091067 0.001158841303549707 44
1731875093613 0.000869027164299041 45
1731875096126 0.0009065819322131574 46
1731875098643 0.0010128647554665804 47
1731875101073 0.0008397591882385314 48
1731875103690 0.0009516631835140288 49
