1731858302045 0.07166541367769241 0
1731858302668 0.023038016632199287 1
1731858303280 0.010395213030278683 2
1731858303802 0.005275664385408163 3
1731858304346 0.004490232095122337 4
1731858304907 0.005029457155615091 5
1731858305495 0.003627249738201499 6
1731858306191 0.00339661561883986 7
1731858306830 0.005399596877396107 8
1731858307352 0.004803490359336138 9
1731858307950 0.004050839692354202 10
1731858308474 0.003546760883182287 11
1731858308999 0.00514979800209403 12
1731858309522 0.003142727306112647 13
1731858310029 0.0030244558583945036 14
1731858310546 0.0034781647846102715 15
1731858311064 0.004084212705492973 16
1731858311576 0.004334299825131893 17
1731858312071 0.0034992238506674767 18
1731858312591 0.004604491870850325 19
1731858313197 0.003248903201892972 20
1731858313741 0.0044622658751904964 21
1731858314251 0.0032639752607792616 22
1731858314749 0.0027286417316645384 23
1731858315262 0.0026097625959664583 24
1731858315791 0.0022866236977279186 25
1731858316305 0.002446454716846347 26
1731858316808 0.0033086424227803946 27
1731858317329 0.003213941352441907 28
1731858317850 0.0029198562260717154 29
1731858318371 0.002439675386995077 30
1731858318992 0.003098755609244108 31
1731858319555 0.0031606603879481554 32
1731858320179 0.0030016449745744467 33
1731858320702 0.0023126639425754547 34
1731858321205 0.002182080876082182 35
1731858321720 0.002014485187828541 36
1731858322223 0.0022067963145673275 37
1731858322754 0.0020020841620862484 38
1731858323359 0.0021275095641613007 39
1731858323952 0.0026015012990683317 40
1731858324471 0.0024634513538330793 41
1731858324994 0.002610878786072135 42
1731858325515 0.0018328245496377349 43
1731858326018 0.002245801966637373 44
1731858326530 0.0023808740079402924 45
1731858327048 0.0029193535447120667 46
1731858327557 0.0017858408391475677 47
1731858328060 0.0023157980758696795 48
1731858328580 0.0026675034314393997 49
