1731850556313 0.1672181487083435 0
1731850558052 0.1672181636095047 1
1731850559846 0.1672181338071823 2
1731850560757 0.1672181636095047 3
1731850561873 0.1672181636095047 4
1731850562836 0.1672181636095047 5
1731850563987 0.1672181785106659 6
1731850565046 0.1672181785106659 7
1731850566030 0.1672181636095047 8
1731850567161 0.1672181934118271 9
1731850568184 0.1672181636095047 10
1731850569208 0.1672181636095047 11
1731850570235 0.1672181636095047 12
1731850571318 0.1672181636095047 13
1731850572243 0.1672181636095047 14
1731850573194 0.1672181636095047 15
1731850574522 0.1672181636095047 16
1731850575852 0.1672181636095047 17
1731850576994 0.1672181636095047 18
1731850578183 0.1672181487083435 19
1731850579340 0.1672181785106659 20
1731850580553 0.1672181487083435 21
1731850581712 0.1672181636095047 22
1731850582755 0.1672181636095047 23
1731850584026 0.1672181785106659 24
1731850585046 0.1672181636095047 25
1731850586060 0.1672181934118271 26
1731850587281 0.1672181487083435 27
1731850588312 0.1672181636095047 28
1731850589499 0.1672181487083435 29
1731850590541 0.1672181934118271 30
1731850592212 0.1672181636095047 31
1731850593365 0.1672181487083435 32
1731850594932 0.1672181785106659 33
1731850596733 0.1672181636095047 34
1731850599023 0.1672181338071823 35
1731850601377 0.1672181487083435 36
1731850604097 0.1672181636095047 37
1731850606241 0.1672181785106659 38
1731850608616 0.1672181636095047 39
1731850612231 0.1672181636095047 40
1731850614497 0.1672181636095047 41
1731850615958 0.1672181636095047 42
1731850617384 0.1672181487083435 43
1731850618827 0.1672181636095047 44
1731850620231 0.1672181636095047 45
1731850621574 0.1672181785106659 46
1731850622760 0.1672181636095047 47
1731850624372 0.1672181487083435 48
1731850625766 0.1672181487083435 49
1731850627774 0.1672181487083435 50
1731850629184 0.1672181636095047 51
1731850630683 0.1672181636095047 52
1731850631964 0.1672181636095047 53
1731850633270 0.1672181636095047 54
1731850634546 0.1672181785106659 55
1731850636097 0.1672181487083435 56
1731850637433 0.1672181934118271 57
1731850638750 0.1672181338071823 58
1731850640072 0.1672181785106659 59
1731850641343 0.1672181487083435 60
1731850642598 0.1672181636095047 61
1731850644286 0.1672181487083435 62
1731850645580 0.1672181636095047 63
1731850647003 0.1672181636095047 64
1731850648676 0.1672181636095047 65
1731850650276 0.1672181636095047 66
1731850651699 0.1672181487083435 67
1731850652837 0.1672181785106659 68
1731850654059 0.1672181487083435 69
1731850655257 0.1672181487083435 70
1731850656396 0.1672181785106659 71
1731850657460 0.1672181487083435 72
1731850658508 0.1672181487083435 73
1731850659847 0.1672181636095047 74
1731850661124 0.1672181636095047 75
1731850662318 0.1672181338071823 76
1731850663459 0.1672181487083435 77
1731850665154 0.1672181934118271 78
1731850666537 0.1672181338071823 79
1731850668238 0.1672181487083435 80
1731850669560 0.1672181636095047 81
1731850671175 0.1672181487083435 82
1731850672509 0.1672181636095047 83
1731850673771 0.1672181785106659 84
1731850675032 0.16721811890602112 85
1731850676334 0.1672181487083435 86
1731850677668 0.1672181636095047 87
1731850679049 0.1672181636095047 88
1731850680150 0.1672181636095047 89
1731850681434 0.1672181934118271 90
1731850682767 0.1672181636095047 91
1731850683942 0.1672181636095047 92
1731850685215 0.1672181487083435 93
1731850686274 0.1672181636095047 94
1731850687426 0.1672181487083435 95
1731850688556 0.1672181785106659 96
1731850689726 0.1672181636095047 97
1731850690822 0.1672181785106659 98
1731850692037 0.1672181785106659 99
