1731850731943 0.07123219966888428 0
1731850732576 0.03218711540102959 1
1731850733307 0.02835439331829548 2
1731850734002 0.02457691729068756 3
1731850734697 0.021660469472408295 4
1731850735379 0.01832980290055275 5
1731850736047 0.01595686562359333 6
1731850736827 0.013771708123385906 7
1731850737598 0.01161146815866232 8
1731850738304 0.00953394453972578 9
1731850739028 0.007717725820839405 10
1731850739702 0.006281872279942036 11
1731850740391 0.0049699111841619015 12
1731850741120 0.003918764181435108 13
1731850741852 0.0030452439095824957 14
1731850742761 0.0024554862175136805 15
1731850743495 0.001782011124305427 16
1731850744332 0.0015799017855897546 17
1731850745099 0.0012546575162559748 18
1731850745748 0.0010010084370151162 19
1731850746527 0.0009090395760722458 20
1731850747307 0.0007925793761387467 21
1731850747967 0.0007287810440175235 22
1731850748641 0.0006806916208006442 23
1731850749426 0.0006517731235362589 24
1731850750075 0.0006353205535560846 25
1731850750726 0.0006220154464244843 26
1731850751360 0.0006135876756161451 27
1731850752022 0.0006072340183891356 28
1731850752833 0.0006027627969160676 29
1731850753532 0.0005925813456997275 30
1731850754165 0.0006006554467603564 31
1731850754913 0.0005993311060592532 32
1731850755582 0.0005878239753656089 33
