1731868523024 0.04743508622050285 0
1731868524154 0.005459412932395935 1
1731868525321 0.007595289032906294 2
1731868526549 0.0038882028311491013 3
1731868527608 0.00277878949418664 4
1731868528626 0.002168899867683649 5
1731868529687 0.0030685311648994684 6
1731868530827 0.003610418876633048 7
1731868531828 0.002881666412577033 8
1731868532879 0.003991567529737949 9
1731868533938 0.0021685075480490923 10
1731868534973 0.0019067394314333797 11
1731868536011 0.003951688297092915 12
1731868537408 0.0034905329812318087 13
1731868538428 0.0018858512630686164 14
1731868539435 0.0018607708625495434 15
1731868540478 0.002383440500125289 16
1731868541532 0.005177625920623541 17
1731868542572 0.002006524009630084 18
1731868543588 0.0025792475789785385 19
1731868544737 0.0017613962991163135 20
1731868545787 0.0016833629924803972 21
1731868546916 0.0016143698012456298 22
1731868548133 0.001770172268152237 23
1731868549409 0.001517793396487832 24
1731868550471 0.0015911489026620984 25
1731868551516 0.0018776365322992206 26
1731868552604 0.0015102039324119687 27
1731868553656 0.0015820658300071955 28
1731868554875 0.0016815044218674302 29
1731868555920 0.0019543450325727463 30
1731868557018 0.00212158658541739 31
1731868558212 0.0018763251136988401 32
1731868559481 0.002366631058976054 33
1731868560580 0.002876411424949765 34
1731868561822 0.0015055761905387044 35
1731868562857 0.001946756150573492 36
1731868563871 0.0015456746332347393 37
1731868564952 0.001506572007201612 38
1731868566015 0.001834576134569943 39
1731868567098 0.0014531309716403484 40
1731868568146 0.0013352857204154134 41
1731868569211 0.0013619194505736232 42
1731868570269 0.0013007753295823932 43
1731868571351 0.0015152845298871398 44
1731868572557 0.0013216475490480661 45
1731868573655 0.001370209502056241 46
1731868574803 0.001870392938144505 47
1731868575833 0.001737461774609983 48
1731868576872 0.0012737312354147434 49
