1731881904212 0.33598244190216064 0
1731881906027 0.06705515831708908 1
1731881907878 0.007917550392448902 2
1731881909731 0.006826633587479591 3
1731881911348 0.00589454872533679 4
1731881913444 0.0037865880876779556 5
1731881915313 0.0029658230487257242 6
1731881917096 0.0026408927515149117 7
1731881918794 0.0026019655633717775 8
1731881920658 0.0030591306276619434 9
1731881922485 0.0037563613150268793 10
1731881924196 0.003035248490050435 11
1731881925804 0.002259818371385336 12
1731881927520 0.0024313663598150015 13
1731881929282 0.002279633190482855 14
1731881930909 0.0024025498423725367 15
1731881932554 0.002232498722150922 16
1731881934243 0.0020833327434957027 17
1731881935895 0.002058628248050809 18
1731881937510 0.002188613871112466 19
1731881939383 0.002183164469897747 20
1731881941045 0.0019014001591131091 21
1731881942688 0.002193500055000186 22
1731881944506 0.002215869724750519 23
1731881946151 0.002081020502373576 24
1731881947869 0.0022563477978110313 25
1731881949563 0.00198557460680604 26
1731881951190 0.0021559367887675762 27
1731881952844 0.002287608804181218 28
1731881954515 0.001849666703492403 29
1731881956145 0.001994319260120392 30
1731881957790 0.0018074489198625088 31
1731881959438 0.0020191771909594536 32
1731881961059 0.0019826218485832214 33
1731881962881 0.0019699677359312773 34
1731881964757 0.0019265739247202873 35
1731881966588 0.001986141549423337 36
1731881968229 0.001866467297077179 37
1731881969909 0.0021306753624230623 38
1731881971564 0.0019506629323586822 39
1731881973295 0.0018350125756114721 40
1731881975121 0.0019044284708797932 41
1731881976943 0.001726913615129888 42
1731881978858 0.0017568895127624273 43
1731881980558 0.001808932051062584 44
1731881982159 0.001867309445515275 45
1731881983794 0.0018680439097806811 46
1731881985462 0.0017786640673875809 47
1731881987088 0.00173250085208565 48
1731881988755 0.0017209069337695837 49
