1731891312897 0.03827952221035957 0
1731891313418 0.005993454717099667 1
1731891313936 0.003589051542803645 2
1731891314456 0.003166941925883293 3
1731891315052 0.0032596697565168142 4
1731891315494 0.0027535066474229097 5
1731891315958 0.002462860196828842 6
1731891316387 0.002723265439271927 7
1731891316910 0.0026987893506884575 8
1731891317642 0.002192627638578415 9
1731891318080 0.002395037328824401 10
1731891318612 0.0021618043538182974 11
1731891319044 0.0022743039298802614 12
1731891319591 0.0019420550670474768 13
1731891320169 0.0018665913958102465 14
1731891320646 0.0021717699710279703 15
1731891321177 0.0018850598717108369 16
1731891321603 0.0018910187063738704 17
1731891322055 0.0017152674263343215 18
1731891322490 0.0018570097163319588 19
1731891322918 0.0018515143310651183 20
1731891323339 0.001874715555459261 21
1731891323772 0.0017699218587949872 22
1731891324204 0.0017929190071299672 23
1731891324690 0.0017538259271532297 24
1731891325116 0.0017411792650818825 25
1731891325807 0.0016345640178769827 26
1731891326245 0.0018971699755638838 27
1731891326693 0.0016110461438074708 28
1731891327126 0.0016573331085965037 29
1731891327551 0.0016497287433594465 30
1731891327970 0.0017675305716693401 31
1731891328397 0.0017694757552817464 32
1731891328836 0.0017015814082697034 33
1731891329330 0.0013657888630405068 34
1731891329763 0.001510839443653822 35
1731891330196 0.0014739219332113862 36
1731891330623 0.0015184672083705664 37
1731891331060 0.0015204973751679063 38
1731891331516 0.0017083497950807214 39
1731891331941 0.0014283369528129697 40
1731891332369 0.001579242991283536 41
1731891332900 0.0016654832288622856 42
1731891333477 0.0014589574420824647 43
1731891333908 0.0014484806451946497 44
1731891334342 0.0015587625093758106 45
1731891334772 0.0014556784881278872 46
1731891335355 0.0013600800884887576 47
1731891335807 0.001429300638847053 48
1731891336230 0.0014442445244640112 49
