1731860237080 0.4550294578075409 0
1731860237742 0.19439175724983215 1
1731860238364 0.08718609809875488 2
1731860238878 0.0664934366941452 3
1731860239386 0.06730521470308304 4
1731860239918 0.03702768310904503 5
1731860240435 0.02983233705163002 6
1731860241068 0.025003191083669662 7
1731860241697 0.01649138145148754 8
1731860242336 0.015851333737373352 9
1731860243110 0.013163239695131779 10
1731860243625 0.011790643446147442 11
1731860244138 0.01145245973020792 12
1731860244796 0.010871391743421555 13
1731860245316 0.008999688550829887 14
1731860245823 0.009394162334501743 15
1731860246544 0.007711222395300865 16
1731860247156 0.012129428796470165 17
1731860247690 0.010213595815002918 18
1731860248199 0.007760141976177692 19
1731860248713 0.00822583120316267 20
1731860249237 0.007848938927054405 21
1731860249748 0.015333129093050957 22
1731860250264 0.011296798475086689 23
1731860250783 0.008442853577435017 24
1731860251317 0.008832531981170177 25
1731860251830 0.024420928210020065 26
1731860252345 0.007609442342072725 27
1731860252861 0.006567239761352539 28
1731860253374 0.007346541155129671 29
1731860253904 0.006707170978188515 30
1731860254557 0.007185415830463171 31
1731860255191 0.007354693487286568 32
1731860255704 0.006275414023548365 33
1731860256231 0.026286235079169273 34
1731860256708 0.02918471395969391 35
1731860257353 0.01293432991951704 36
1731860258253 0.008401046507060528 37
1731860258777 0.007421745453029871 38
1731860259295 0.006378897465765476 39
1731860259806 0.006262477952986956 40
1731860260322 0.0067010377533733845 41
1731860260858 0.006138825323432684 42
1731860261484 0.011533704586327076 43
1731860261994 0.0080444710329175 44
1731860262501 0.006861797533929348 45
1731860263052 0.005039808806031942 46
1731860263845 0.006909528747200966 47
1731860264364 0.0063866316340863705 48
1731860264876 0.005306627601385117 49
