1731879832272 0.040926843881607056 0
1731879832878 0.007279508281499147 1
1731879833375 0.004859475418925285 2
1731879833870 0.004262852482497692 3
1731879834390 0.0038762185722589493 4
1731879834897 0.004156239330768585 5
1731879835391 0.0042171296663582325 6
1731879835890 0.0040445090271532536 7
1731879836517 0.0024271621368825436 8
1731879837137 0.002623331733047962 9
1731879837631 0.003466217080131173 10
1731879838127 0.002742069773375988 11
1731879838648 0.0029851074796169996 12
1731879839153 0.0022136266343295574 13
1731879839646 0.0025164466351270676 14
1731879840400 0.001939803478308022 15
1731879840949 0.0027659086044877768 16
1731879841444 0.002350808121263981 17
1731879841938 0.0021382805425673723 18
1731879842430 0.002065817592665553 19
1731879842925 0.002152886474505067 20
1731879843444 0.0020216479897499084 21
1731879843949 0.0019132355228066444 22
1731879844443 0.002243224298581481 23
1731879844932 0.0020992220379412174 24
1731879845521 0.002412214409559965 25
1731879846041 0.0018061529844999313 26
1731879846537 0.0022097588516771793 27
1731879847037 0.002137264236807823 28
1731879847534 0.0015230474527925253 29
1731879848053 0.0018268409185111523 30
1731879848554 0.0017557787941768765 31
1731879849044 0.001980616943910718 32
1731879849652 0.0018505147891119123 33
1731879850180 0.0018379370449110866 34
1731879850677 0.00223501562140882 35
1731879851176 0.0016938213957473636 36
1731879851667 0.001833688118495047 37
1731879852312 0.001646661781705916 38
1731879852807 0.0015714048640802503 39
1731879853416 0.0018567567458376288 40
1731879854023 0.0022661471739411354 41
1731879854604 0.0017554537625983357 42
1731879855271 0.0017653696704655886 43
1731879855778 0.001489153248257935 44
1731879856275 0.001667977194301784 45
1731879856753 0.0015100259333848953 46
1731879857234 0.0016608093865215778 47
1731879857750 0.0014290998224169016 48
1731879858242 0.0016698177205398679 49
