1731860190177 0.2053879201412201 0
1731860190805 0.10153552144765854 1
1731860191425 0.026658136397600174 2
1731860192057 0.016152221709489822 3
1731860192686 0.013955778442323208 4
1731860193200 0.01748875342309475 5
1731860193708 0.008334405720233917 6
1731860194218 0.008065599948167801 7
1731860194867 0.007175093982368708 8
1731860195380 0.01044148113578558 9
1731860195890 0.006849445402622223 10
1731860196670 0.005754442419856787 11
1731860197190 0.006780742667615414 12
1731860197750 0.006071555428206921 13
1731860198275 0.013741627335548401 14
1731860198799 0.007924090139567852 15
1731860199318 0.005625908263027668 16
1731860199828 0.004949428606778383 17
1731860200340 0.00418027164414525 18
1731860200848 0.00465381471440196 19
1731860201375 0.0044626896269619465 20
1731860201992 0.004078901372849941 21
1731860202499 0.0038308824878185987 22
1731860203013 0.004688879940658808 23
1731860203550 0.004623480141162872 24
1731860204062 0.0048078554682433605 25
1731860204679 0.004137864802032709 26
1731860205184 0.003787798108533025 27
1731860205717 0.0038156374357640743 28
1731860206227 0.004315009340643883 29
1731860206730 0.004037314560264349 30
1731860207242 0.003489832393825054 31
1731860207754 0.003757164115086198 32
1731860208659 0.003948311321437359 33
1731860209333 0.0035176866222172976 34
1731860209948 0.0036156573332846165 35
1731860210471 0.0035573719069361687 36
1731860210992 0.0032847896218299866 37
1731860211501 0.0036145478952676058 38
1731860212014 0.0029903913382440805 39
1731860212528 0.0068669612519443035 40
1731860213055 0.008625509217381477 41
1731860213571 0.004725521896034479 42
1731860214081 0.0056341723538935184 43
1731860214591 0.004222829360514879 44
1731860215123 0.004358543083071709 45
1731860215636 0.0030533387325704098 46
1731860216145 0.003245227737352252 47
1731860216650 0.0040560574270784855 48
1731860217159 0.0029047594871371984 49
