1731860335658 0.17004431784152985 0
1731860336291 0.11238343268632889 1
1731860336930 0.023735960945487022 2
1731860337577 0.013075496070086956 3
1731860338088 0.009359495714306831 4
1731860338593 0.012662203051149845 5
1731860339107 0.00725595885887742 6
1731860339766 0.003112071193754673 7
1731860340282 0.0033305338583886623 8
1731860340795 0.003077578032389283 9
1731860341303 0.0024628941901028156 10
1731860341961 0.0023834872990846634 11
1731860342476 0.0026037422940135 12
1731860343226 0.0022789190988987684 13
1731860343733 0.002282989677041769 14
1731860344372 0.002256301697343588 15
1731860344889 0.002771856728941202 16
1731860345404 0.002102064900100231 17
1731860345913 0.0019587588030844927 18
1731860346449 0.0021856441162526608 19
1731860347078 0.0019600996747612953 20
1731860347587 0.0022223088890314102 21
1731860348091 0.0034560551866889 22
1731860348616 0.005375520326197147 23
1731860349137 0.0023508162703365088 24
1731860349651 0.0020834903698414564 25
1731860350153 0.002390411915257573 26
1731860350662 0.0024007733445614576 27
1731860351449 0.002459850860759616 28
1731860351966 0.0024563726037740707 29
1731860352478 0.0019728406332433224 30
1731860352996 0.001813388429582119 31
1731860353538 0.002010890282690525 32
1731860354176 0.001875807880423963 33
1731860354689 0.0018316946225240827 34
1731860355203 0.0017827963456511497 35
1731860355723 0.0017151552019640803 36
1731860356240 0.0022791505325585604 37
1731860356749 0.0024213572032749653 38
1731860357265 0.0022510532289743423 39
1731860357784 0.0018215564778074622 40
1731860358313 0.001803891034796834 41
1731860358823 0.0018828145693987608 42
1731860359337 0.0016850767424330115 43
1731860359852 0.0018522348254919052 44
1731860360384 0.0015461250441148877 45
1731860360905 0.0015944509068503976 46
1731860361423 0.0015311751049011946 47
1731860361943 0.0016091575380414724 48
1731860362738 0.0016010485123842955 49
