1731879173697 0.042308274656534195 0
1731879174327 0.004028239753097296 1
1731879174799 0.003282757941633463 2
1731879175441 0.002218053676187992 3
1731879176024 0.002260606037452817 4
1731879176700 0.002124815946444869 5
1731879177242 0.0032418519258499146 6
1731879177723 0.0020829825662076473 7
1731879178506 0.0019629423040896654 8
1731879179004 0.0018249480053782463 9
1731879179640 0.001845138962380588 10
1731879180143 0.0018618216272443533 11
1731879180645 0.0015447509940713644 12
1731879181148 0.0024830373004078865 13
1731879181662 0.002117690397426486 14
1731879182185 0.0014954459620639682 15
1731879182784 0.002207249402999878 16
1731879183285 0.001695175189524889 17
1731879183782 0.0014804461970925331 18
1731879184314 0.001449690549634397 19
1731879184815 0.0014182147569954395 20
1731879185319 0.0014798035845160484 21
1731879185936 0.0012948899529874325 22
1731879186738 0.001391447032801807 23
1731879187360 0.0015257983468472958 24
1731879187863 0.0013094735331833363 25
1731879188364 0.0015404350124299526 26
1731879188883 0.00211026007309556 27
1731879189386 0.0016282256692647934 28
1731879190021 0.0012637332547456026 29
1731879190631 0.0015866038156673312 30
1731879191164 0.0014227215433493257 31
1731879191668 0.0014602630399167538 32
1731879192180 0.0011909272288903594 33
1731879192680 0.0013058026088401675 34
1731879193190 0.0012744322884827852 35
1731879193729 0.0012621149653568864 36
1731879194230 0.0012451797956600785 37
1731879194739 0.0014288316015154123 38
1731879195507 0.001298162736929953 39
1731879196044 0.0014344255905598402 40
1731879196552 0.001273007714189589 41
1731879197048 0.001156102865934372 42
1731879197663 0.0012717362260445952 43
1731879198190 0.001230491092428565 44
1731879198736 0.0011987797915935516 45
1731879199247 0.0012084118789061904 46
1731879199756 0.0011392245069146156 47
1731879200290 0.001416868413798511 48
1731879200799 0.001431139069609344 49
