1731883435055 0.05447224900126457 0
1731883435466 0.02251405268907547 1
1731883436140 0.011608938686549664 2
1731883436536 0.007140627130866051 3
1731883437083 0.007048395927995443 4
1731883437323 0.007832303643226624 5
1731883437567 0.006478350143879652 6
1731883437802 0.005336677189916372 7
1731883438169 0.006606063339859247 8
1731883438444 0.004038481507450342 9
1731883438743 0.004592557437717915 10
1731883439172 0.0042259106412529945 11
1731883439419 0.004980568308383226 12
1731883439784 0.0033412056509405375 13
1731883440336 0.003772767959162593 14
1731883440578 0.004257007967680693 15
1731883440847 0.003056063549593091 16
1731883441084 0.0038499694783240557 17
1731883441320 0.0037194460164755583 18
1731883441555 0.002681619953364134 19
1731883441794 0.0043191127479076385 20
1731883442030 0.0028666199650615454 21
1731883442267 0.0032783641945570707 22
1731883442502 0.0029246280901134014 23
1731883442737 0.0031338108237832785 24
1731883443132 0.0034286181908100843 25
1731883443389 0.0024451178032904863 26
1731883443633 0.003523648716509342 27
1731883443872 0.0032622753642499447 28
1731883444113 0.0029823845252394676 29
1731883444350 0.0032814033329486847 30
1731883444587 0.002235147636383772 31
1731883444822 0.0032004285603761673 32
1731883445196 0.0027508041821420193 33
1731883445457 0.0025438067968934774 34
1731883445695 0.00250681908801198 35
1731883445933 0.002870634663850069 36
1731883446166 0.0022657536901533604 37
1731883446400 0.003031238215044141 38
1731883446637 0.0025614178739488125 39
1731883446910 0.0025501796044409275 40
1731883447155 0.0020359335467219353 41
1731883447389 0.0028294422663748264 42
1731883447630 0.002459420822560787 43
1731883447889 0.002199991140514612 44
1731883448123 0.0027783557306975126 45
1731883448358 0.0018635767046362162 46
1731883448596 0.0025626164861023426 47
1731883448831 0.0025478301104158163 48
1731883449065 0.001968264812603593 49
