1731892241691 0.04595240578055382 0
1731892242373 0.004099709447473288 1
1731892242907 0.002675039228051901 2
1731892243458 0.0038331460673362017 3
1731892243991 0.002546836156398058 4
1731892244416 0.0020646345801651478 5
1731892244957 0.0019025113433599472 6
1731892245383 0.001863903715275228 7
1731892245925 0.0022840979509055614 8
1731892246365 0.0018398533575236797 9
1731892246903 0.0019164634868502617 10
1731892247339 0.0020181795116513968 11
1731892247772 0.0016241822158917785 12
1731892248235 0.001631297403946519 13
1731892248670 0.001579818781465292 14
1731892249109 0.002208560472354293 15
1731892249543 0.0015877657569944859 16
1731892249976 0.0018138138111680746 17
1731892250537 0.001445595407858491 18
1731892250981 0.0025115383323282003 19
1731892251556 0.0013837536098435521 20
1731892252088 0.0013883711071684957 21
1731892252528 0.0013926374958828092 22
1731892252965 0.001321675255894661 23
1731892253391 0.001401805318892002 24
1731892253827 0.0014148353366181254 25
1731892254370 0.0012651692377403378 26
1731892254807 0.0013299986021593213 27
1731892255268 0.001426825998350978 28
1731892255704 0.0013324746396392584 29
1731892256233 0.0012293430045247078 30
1731892256672 0.00128924660384655 31
1731892257104 0.0013207218144088984 32
1731892257571 0.0012244886020198464 33
1731892258107 0.0012443580199033022 34
1731892258541 0.0011857632780447602 35
1731892258987 0.0011965277371928096 36
1731892259436 0.0010879846522584558 37
1731892259889 0.0011161294532939792 38
1731892260330 0.0013427174417302012 39
1731892260760 0.001486957655288279 40
1731892261199 0.0012593232095241547 41
1731892261641 0.0010715993121266365 42
1731892262251 0.0014030702877789736 43
1731892262691 0.0011889607412740588 44
1731892263133 0.0011231453390792012 45
1731892263565 0.0014726131921634078 46
1731892264093 0.0010908250696957111 47
1731892264565 0.0012315745698288083 48
1731892265004 0.0011735290754586458 49
