1731867322149 0.05609713867306709 0
1731867322820 0.007627903949469328 1
1731867323351 0.005089465528726578 2
1731867324071 0.0048489137552678585 3
1731867324685 0.0028855891432613134 4
1731867325349 0.0026349809486418962 5
1731867325940 0.0033254805020987988 6
1731867326569 0.002673256443813443 7
1731867327080 0.003935261629521847 8
1731867327594 0.00260171084664762 9
1731867328104 0.003048597602173686 10
1731867328613 0.002324647270143032 11
1731867329156 0.0024671966675668955 12
1731867329674 0.002418127842247486 13
1731867330209 0.0023768581449985504 14
1731867330832 0.00198328192345798 15
1731867331334 0.0024939714930951595 16
1731867331834 0.002164768287912011 17
1731867332664 0.00197262829169631 18
1731867333211 0.0023952650371938944 19
1731867333756 0.0023905665148049593 20
1731867334275 0.005275779869407415 21
1731867334810 0.00940996129065752 22
1731867335325 0.0022760003339499235 23
1731867335835 0.00207433570176363 24
1731867336348 0.0022706228774040937 25
1731867336865 0.0028916753362864256 26
1731867337504 0.0020665430929511786 27
1731867338007 0.002160243922844529 28
1731867338566 0.0020919586531817913 29
1731867339174 0.0016889965627342463 30
1731867339707 0.0019186295103281736 31
1731867340218 0.0018400773406028748 32
1731867340730 0.0017050787573680282 33
1731867341279 0.0017149996710941195 34
1731867341936 0.0015524126356467605 35
1731867342559 0.0016285874880850315 36
1731867343064 0.0015785953728482127 37
1731867343576 0.0015823290450498462 38
1731867344109 0.0015670135617256165 39
1731867344609 0.001662195660173893 40
1731867345127 0.0016379139851778746 41
1731867345668 0.002151726745069027 42
1731867346186 0.0016128524439409375 43
1731867346834 0.0024763913825154305 44
1731867347350 0.0017615867545828223 45
1731867348351 0.0018887295154854655 46
1731867349208 0.0015491785015910864 47
1731867350037 0.0015241322107613087 48
1731867351067 0.0017057278892025352 49
