1731796828352 0.04977503791451454 0
1731796829098 0.00441860593855381 1
1731796829873 0.005149004515260458 2
1731796830646 0.002449520630761981 3
1731796831437 0.002324324334040284 4
1731796832087 0.0022474222350865602 5
1731796832787 0.0031146197579801083 6
1731796833535 0.0019069118425250053 7
1731796834417 0.0016137543134391308 8
1731796835161 0.001970151672139764 9
1731796835719 0.001948778284713626 10
1731796836426 0.0024774896446615458 11
1731796837051 0.0017159817507490516 12
1731796837836 0.0019911909475922585 13
1731796838429 0.00213373894803226 14
1731796839027 0.002812907798215747 15
1731796839790 0.001587042585015297 16
1731796840467 0.0016899412730708718 17
1731796841032 0.001518314122222364 18
1731796841774 0.001426513772457838 19
1731796842549 0.0014996974496170878 20
1731796843278 0.0017405212856829166 21
1731796843985 0.0015565226785838604 22
1731796844598 0.0014623119495809078 23
1731796845150 0.0024448810145258904 24
1731796845718 0.001685314578935504 25
1731796846250 0.0014273717533797026 26
1731796846838 0.0013467918615788221 27
1731796847379 0.0014296261360868812 28
1731796848068 0.0015967920189723372 29
