1731893544355 0.01636769250035286 0
1731893545771 0.004565392155200243 1
1731893547046 0.005394674837589264 2
1731893548474 0.0042480952106416225 3
1731893549870 0.0033893808722496033 4
1731893551136 0.00343307969160378 5
1731893552429 0.0037917769514024258 6
1731893553788 0.002815856132656336 7
1731893555132 0.003757658414542675 8
1731893556451 0.00323061877861619 9
1731893558063 0.002489135367795825 10
1731893559318 0.00296511291526258 11
1731893560614 0.0018100222805514932 12
1731893561980 0.0017766198143363 13
1731893563252 0.001995473401620984 14
1731893564509 0.002882227534428239 15
1731893565795 0.0019388587679713964 16
1731893567081 0.0018965430790558457 17
1731893568337 0.0023841760121285915 18
1731893569595 0.0023972822818905115 19
1731893570886 0.0022018931340426207 20
1731893572443 0.0022959941998124123 21
1731893573684 0.0020461715757846832 22
1731893574947 0.0015572232659906149 23
1731893576218 0.002165665617212653 24
1731893577483 0.001868981053121388 25
1731893578728 0.0018555023707449436 26
1731893579995 0.001570213120430708 27
1731893581399 0.0016969081480056047 28
1731893582629 0.001854885253123939 29
1731893583889 0.001668655313551426 30
1731893585125 0.001728996285237372 31
1731893586432 0.00166659418027848 32
1731893587850 0.0020640846341848373 33
1731893589116 0.0017391961300745606 34
1731893590376 0.0021627035457640886 35
1731893591678 0.0017160297138616443 36
1731893592918 0.001614621956832707 37
1731893594189 0.0018037189729511738 38
1731893595451 0.0018105425406247377 39
1731893596747 0.0014414844335988164 40
1731893597996 0.0017149022314697504 41
1731893599280 0.001204584608785808 42
1731893600868 0.0019871643744409084 43
1731893602127 0.0013822183245792985 44
1731893603409 0.001621156232431531 45
1731893604649 0.0015523704933002591 46
1731893605950 0.0013437223387882113 47
1731893607213 0.0013196951476857066 48
1731893608480 0.0017634251853451133 49
