1731853587930 0.10488206148147583 0
1731853588540 0.09610855579376221 1
1731853589146 0.09337637573480606 2
1731853589666 0.09474518150091171 3
1731853590229 0.09522323310375214 4
1731853590723 0.0947268083691597 5
1731853591215 0.09140489995479584 6
1731853591735 0.0894918292760849 7
1731853592239 0.0938853845000267 8
1731853592742 0.08928024768829346 9
1731853593348 0.09045340120792389 10
1731853594036 0.0895674079656601 11
1731853594553 0.08561620116233826 12
1731853595051 0.08521366864442825 13
1731853595549 0.08142142742872238 14
1731853596050 0.08428718149662018 15
1731853596571 0.07853325456380844 16
1731853597073 0.07559241354465485 17
1731853597569 0.08057192713022232 18
1731853598060 0.08364012092351913 19
1731853598590 0.07252895832061768 20
1731853599087 0.08017876744270325 21
1731853599567 0.07169473171234131 22
1731853600166 0.0744156688451767 23
1731853600676 0.07719718664884567 24
1731853601199 0.06579916179180145 25
1731853601702 0.07308504730463028 26
1731853602201 0.07325348258018494 27
1731853602699 0.07653922587633133 28
1731853603220 0.07091820240020752 29
1731853603830 0.06669694930315018 30
1731853604578 0.06209675595164299 31
1731853605084 0.06669330596923828 32
1731853605708 0.06745217740535736 33
1731853606212 0.06540115922689438 34
1731853606716 0.0686798244714737 35
1731853607213 0.06351522356271744 36
1731853607734 0.06302236020565033 37
1731853608230 0.06796981394290924 38
1731853608730 0.06498131155967712 39
1731853609234 0.060442227870225906 40
1731853609735 0.06897854804992676 41
1731853610256 0.0645412877202034 42
1731853610751 0.060735560953617096 43
1731853611257 0.06382985413074493 44
1731853611756 0.06339537352323532 45
1731853612294 0.06246716156601906 46
1731853612798 0.06348247081041336 47
1731853613295 0.04770240932703018 48
1731853613885 0.06566745787858963 49
