1731871285302 0.049968842417001724 0
1731871286101 0.011543156579136848 1
1731871286887 0.004854636732488871 2
1731871287599 0.004085696768015623 3
1731871288227 0.005573820788413286 4
1731871289031 0.0026209077332168818 5
1731871289820 0.002620104933157563 6
1731871290568 0.002426354680210352 7
1731871291177 0.0028927421662956476 8
1731871291812 0.002847998635843396 9
1731871292468 0.0024419263936579227 10
1731871293223 0.002197188325226307 11
1731871294044 0.004639293998479843 12
1731871294875 0.0022230809554457664 13
1731871295510 0.002162242541089654 14
1731871296098 0.002439115894958377 15
1731871296767 0.002048648428171873 16
1731871297527 0.0021667329128831625 17
1731871298286 0.002565583446994424 18
1731871298919 0.0023869858123362064 19
1731871299543 0.002231702907010913 20
1731871300196 0.002170029329136014 21
1731871300862 0.0028761792927980423 22
1731871301674 0.002047779969871044 23
1731871302312 0.0022679204121232033 24
1731871303014 0.0019268457544967532 25
1731871303789 0.0018845866434276104 26
1731871304679 0.0018794853240251541 27
1731871305290 0.0016034685540944338 28
1731871305982 0.0018712434684857726 29
1731871306883 0.0017738206079229712 30
1731871307549 0.0017470578895881772 31
1731871308161 0.0021215733140707016 32
1731871308782 0.0056028119288384914 33
1731871309478 0.003254637587815523 34
1731871310221 0.002223583869636059 35
1731871310957 0.0021135590504854918 36
1731871311745 0.002366045955568552 37
1731871312317 0.002096951939165592 38
1731871313074 0.0023279290180653334 39
1731871313692 0.0018697620835155249 40
1731871314366 0.0017935136565938592 41
1731871315229 0.0016340534202754498 42
1731871315842 0.0017055311473086476 43
1731871316678 0.0019126009428873658 44
1731871317281 0.0018386603333055973 45
1731871317907 0.0024614438880234957 46
1731871318588 0.0019477466121315956 47
1731871319204 0.0014360216446220875 48
1731871320164 0.0015124130295589566 49
