1731891703832 0.16889727115631104 0
1731891704478 0.16821013391017914 1
1731891705091 0.06180010363459587 2
1731891705708 0.014258109964430332 3
1731891706251 0.004777438938617706 4
1731891706904 0.0033641194459050894 5
1731891707483 0.0030572591349482536 6
1731891708158 0.0030178686138242483 7
1731891708701 0.002964311745017767 8
1731891709266 0.0028606548439711332 9
1731891709808 0.0022817475255578756 10
1731891710347 0.0025362938176840544 11
1731891710875 0.002235942054539919 12
1731891711506 0.002143697114661336 13
1731891712032 0.002341468119993806 14
1731891712551 0.0023832886945456266 15
1731891713080 0.0020858035422861576 16
1731891713629 0.0022608237341046333 17
1731891714163 0.002067478373646736 18
1731891714779 0.0023026419803500175 19
1731891715313 0.0019346881890669465 20
1731891715856 0.0022281836718320847 21
1731891716398 0.0017111969646066427 22
1731891716930 0.0019637930672615767 23
1731891717457 0.0016407555667683482 24
1731891718089 0.0019492512801662087 25
1731891718622 0.0017651790985837579 26
1731891719158 0.001917077461257577 27
1731891719921 0.001577439485117793 28
1731891720488 0.0016273584915325046 29
1731891721010 0.0018013445660471916 30
1731891721535 0.0018026945181190968 31
1731891722056 0.0016597859794273973 32
1731891722606 0.0017524302238598466 33
1731891723151 0.0017199103021994233 34
1731891723671 0.0014695926802232862 35
1731891724202 0.001583403442054987 36
1731891724724 0.0015268197748810053 37
1731891725287 0.0017766208620741963 38
1731891725809 0.0015683879610151052 39
1731891726428 0.001541863544844091 40
1731891726966 0.0016942116199061275 41
1731891727522 0.0017552159260958433 42
1731891728040 0.0014637380372732878 43
1731891728556 0.0015280320076271892 44
1731891729088 0.0017293316777795553 45
1731891729649 0.001474075485020876 46
1731891730171 0.0015538787702098489 47
1731891730674 0.0015251307049766183 48
1731891731196 0.0015714275650680065 49
