1731891077477 0.04172026365995407 0
1731891079269 0.00518013397231698 1
1731891081103 0.0029093478806316853 2
1731891082868 0.002636008895933628 3
1731891084811 0.0017218877328559756 4
1731891086624 0.0015532716643065214 5
1731891088398 0.0015435258392244577 6
1731891090082 0.0017515954095870256 7
1731891091921 0.0015916392439976335 8
1731891093650 0.0014622644521296024 9
1731891095351 0.0014476054348051548 10
1731891097252 0.0015007832553237677 11
1731891098980 0.0012126547517254949 12
1731891100627 0.0012546729994937778 13
1731891102456 0.0012517690192908049 14
1731891104171 0.0010978702921420336 15
1731891106241 0.0012059781001880765 16
1731891108190 0.0012562356423586607 17
1731891109857 0.0012340935645624995 18
1731891111664 0.001194906304590404 19
1731891113403 0.0018466311739757657 20
1731891115071 0.0012434205273166299 21
1731891116747 0.0012363310670480132 22
1731891118575 0.0010197767987847328 23
1731891120294 0.0011663888581097126 24
1731891122189 0.0009949435479938984 25
1731891123866 0.0015269230352714658 26
1731891125578 0.0010339891305193305 27
1731891127443 0.0009564053034409881 28
1731891129105 0.0010460339253768325 29
1731891130782 0.0010591105092316866 30
1731891132539 0.001003274810500443 31
1731891134226 0.001000426011160016 32
1731891136117 0.0010579862864688039 33
1731891137850 0.0010440059704706073 34
1731891139615 0.0011057148221880198 35
1731891141289 0.0009986470686271787 36
1731891143058 0.0010973834432661533 37
1731891144881 0.0009436551481485367 38
1731891146562 0.0011651045642793179 39
1731891148246 0.001419738633558154 40
1731891150262 0.0009133579442277551 41
1731891151959 0.0009220723295584321 42
1731891153690 0.0009699692600406706 43
1731891155441 0.0009427273762412369 44
1731891157242 0.0008228987571783364 45
1731891158992 0.000987485283985734 46
1731891160789 0.0008369847200810909 47
1731891162703 0.0010924673406407237 48
1731891164439 0.0008792727603577077 49
