1731892610013 0.056597545742988586 0
1731892610856 0.020517781376838684 1
1731892611404 0.0060575962997972965 2
1731892612036 0.003950993064790964 3
1731892612670 0.0029171346686780453 4
1731892613238 0.002759582595899701 5
1731892613777 0.0025266138836741447 6
1731892614317 0.002399601973593235 7
1731892614962 0.0023522533010691404 8
1731892615624 0.0024496952537447214 9
1731892616157 0.002155254129320383 10
1731892616793 0.002115206327289343 11
1731892617328 0.0020538130775094032 12
1731892617885 0.002011530101299286 13
1731892618429 0.002092686714604497 14
1731892618971 0.002028445713222027 15
1731892619513 0.002099252538755536 16
1731892620089 0.001956158084794879 17
1731892620888 0.0018523569451645017 18
1731892621432 0.001777352881617844 19
1731892621965 0.001871354877948761 20
1731892622624 0.0017829801654443145 21
1731892623156 0.0018285149708390236 22
1731892623689 0.0016642137197777629 23
1731892624223 0.0019467051606625319 24
1731892624782 0.0016796065028756857 25
1731892625421 0.001760041923262179 26
1731892626039 0.0016879333416000009 27
1731892626713 0.001884789438918233 28
1731892627269 0.00158778321929276 29
1731892627804 0.0015507069183513522 30
1731892628438 0.001463963184505701 31
1731892628990 0.0015399307012557983 32
1731892629531 0.0014119140105322003 33
1731892630067 0.0014514696085825562 34
1731892630607 0.0014385147951543331 35
1731892631312 0.001765999011695385 36
1731892631857 0.0014750869013369083 37
1731892632388 0.0015069640940055251 38
1731892633027 0.0013439834583550692 39
1731892633587 0.0018262829398736358 40
1731892634131 0.0013576182536780834 41
1731892634661 0.001523334183730185 42
1731892635163 0.0012761964462697506 43
1731892635700 0.001321124262176454 44
1731892636255 0.0015084053156897426 45
1731892636789 0.0013707464095205069 46
1731892637315 0.0012325309216976166 47
1731892637854 0.0012590510305017233 48
1731892638518 0.001636042958125472 49
