1731880453259 0.06881153583526611 0
1731880453797 0.01888071559369564 1
1731880454388 0.008727488107979298 2
1731880454963 0.005969326011836529 3
1731880455552 0.006942328996956348 4
1731880456019 0.005789929535239935 5
1731880456497 0.004340187646448612 6
1731880456953 0.004788353573530912 7
1731880457405 0.003990108612924814 8
1731880457850 0.004086424130946398 9
1731880458413 0.0038734395056962967 10
1731880458879 0.00331936520524323 11
1731880459447 0.003256044816225767 12
1731880459862 0.0031322038266807795 13
1731880460278 0.0035155953373759985 14
1731880460688 0.0032512012403458357 15
1731880461135 0.0032483437098562717 16
1731880461587 0.0035615437664091587 17
1731880462054 0.002863857662305236 18
1731880462461 0.0026425435207784176 19
1731880462880 0.003030072432011366 20
1731880463325 0.002871140604838729 21
1731880463749 0.002699849894270301 22
1731880464264 0.0028574722819030285 23
1731880464676 0.0026874716859310865 24
1731880465095 0.0024177078157663345 25
1731880465519 0.002830374287441373 26
1731880465941 0.004445945378392935 27
1731880466350 0.0033532483503222466 28
1731880466875 0.0024735783226788044 29
1731880467437 0.00227439496666193 30
1731880467893 0.0023578854743391275 31
1731880468303 0.0019789317157119513 32
1731880468718 0.002061827341094613 33
1731880469132 0.002016122452914715 34
1731880469541 0.0023096869699656963 35
1731880470113 0.002033354714512825 36
1731880470542 0.0018136772559955716 37
1731880470952 0.0019272066419944167 38
1731880471363 0.0018724356777966022 39
1731880471779 0.0018919165013357997 40
1731880472194 0.001839444856159389 41
1731880472824 0.002129402942955494 42
1731880473316 0.0024574140552431345 43
1731880473793 0.0017983956495299935 44
1731880474271 0.0018698722124099731 45
1731880474766 0.0016946537652984262 46
1731880475233 0.0017225592164322734 47
1731880475651 0.001640878152102232 48
1731880476063 0.0017713969573378563 49
