1731853267685 0.1075809970498085 0
1731853268486 0.07538782805204391 1
1731853269099 0.06190575659275055 2
1731853269748 0.05766900256276131 3
1731853270242 0.055598706007003784 4
1731853270823 0.06430815160274506 5
1731853271435 0.06651051342487335 6
1731853271987 0.06138300523161888 7
1731853272509 0.04876529797911644 8
1731853273005 0.058920618146657944 9
1731853273516 0.05180284380912781 10
1731853274005 0.05414294824004173 11
1731853274537 0.0487583689391613 12
1731853275139 0.04537554085254669 13
1731853275655 0.049756970256567 14
1731853276518 0.04705381393432617 15
1731853277197 0.04209471493959427 16
1731853277706 0.04026161879301071 17
1731853278210 0.04247736558318138 18
1731853278847 0.04167013615369797 19
1731853279386 0.03411657363176346 20
1731853279988 0.038019612431526184 21
1731853280643 0.03078676201403141 22
1731853281202 0.025108909234404564 23
1731853282018 0.01923384517431259 24
1731853282685 0.015424612909555435 25
1731853283297 0.010106249712407589 26
1731853283957 0.0072136023081839085 27
1731853284476 0.006503630895167589 28
1731853284982 0.006478716619312763 29
1731853285631 0.005464920308440924 30
1731853286132 0.004943859297782183 31
1731853286635 0.00486266752704978 32
1731853287121 0.00453993072733283 33
1731853287623 0.004566766321659088 34
1731853288138 0.004565957468003035 35
1731853288644 0.005315256305038929 36
1731853289133 0.004686001222580671 37
1731853289902 0.004461241420358419 38
1731853290444 0.00468823779374361 39
1731853290931 0.004068292211741209 40
1731853291437 0.004107371903955936 41
1731853291925 0.004261402878910303 42
1731853292442 0.0040766228921711445 43
1731853292946 0.0037671236786991358 44
1731853293459 0.0046600340865552425 45
1731853293948 0.004121563863009214 46
1731853294453 0.004340776242315769 47
1731853294968 0.00427739042788744 48
1731853295469 0.0038070413284003735 49
