1731868189670 0.08594319969415665 0
1731868190445 0.027189921587705612 1
1731868191157 0.01596861518919468 2
1731868192095 0.009256991557776928 3
1731868192892 0.011795626021921635 4
1731868193482 0.007148635108023882 5
1731868194118 0.004947757348418236 6
1731868194824 0.0042165108025074005 7
1731868195492 0.004550490062683821 8
1731868196048 0.003768242197111249 9
1731868196829 0.0037981835193932056 10
1731868197405 0.0035428034607321024 11
1731868198040 0.003799482248723507 12
1731868198579 0.003703498747199774 13
1731868199265 0.0031651677563786507 14
1731868199883 0.00317604118026793 15
1731868200527 0.002842520596459508 16
1731868201231 0.004240719135850668 17
1731868201950 0.0035819876939058304 18
1731868202542 0.0032332134433090687 19
1731868203223 0.0034948429092764854 20
1731868203751 0.003031009342521429 21
1731868204338 0.004926673602312803 22
1731868204887 0.0048908875323832035 23
1731868205481 0.0028381755109876394 24
1731868206144 0.0025377145502716303 25
1731868206702 0.0028041687328368425 26
1731868207512 0.0027490761131048203 27
1731868208058 0.002587779425084591 28
1731868208596 0.002491805935278535 29
1731868209181 0.0035301251336932182 30
1731868209713 0.0028731185011565685 31
1731868210268 0.0033711025025695562 32
1731868210918 0.0031077885068953037 33
1731868211509 0.002674422226846218 34
1731868212049 0.0029950023163110018 35
1731868212604 0.00243499712087214 36
1731868213284 0.0027299164794385433 37
1731868213873 0.0024549937807023525 38
1731868214497 0.002055057091638446 39
1731868215109 0.0022283061407506466 40
1731868215680 0.00233294814825058 41
1731868216275 0.002075371565297246 42
1731868216814 0.002367404755204916 43
1731868217376 0.0019126415718346834 44
1731868218031 0.0018539634766057134 45
1731868218748 0.002164337085559964 46
1731868219310 0.002784393960610032 47
1731868219892 0.0018219983903691173 48
1731868220486 0.0017718401504680514 49
