1731852480045 0.22539451718330383 0
1731852480657 0.2209538370370865 1
1731852481487 0.12096759676933289 2
1731852482131 0.10127241164445877 3
1731852482745 0.09717795252799988 4
1731852483385 0.09186028689146042 5
1731852484051 0.08712422847747803 6
1731852484562 0.08090434223413467 7
1731852485202 0.07676326483488083 8
1731852485821 0.07176589965820312 9
1731852486498 0.06821826845407486 10
1731852487421 0.06478610634803772 11
1731852488068 0.06252579391002655 12
1731852488687 0.059639543294906616 13
1731852489321 0.057620782405138016 14
1731852489962 0.05597833916544914 15
1731852490570 0.05438864231109619 16
1731852491220 0.05343185365200043 17
1731852491830 0.05186048522591591 18
1731852492604 0.051167652010917664 19
1731852493290 0.05047380179166794 20
1731852493937 0.0495714470744133 21
1731852494539 0.04872695356607437 22
1731852495065 0.047932397574186325 23
1731852495707 0.047187529504299164 24
1731852496341 0.046575844287872314 25
1731852496972 0.046025779098272324 26
1731852497768 0.04493340849876404 27
1731852498302 0.04479131102561951 28
1731852498933 0.0441439151763916 29
1731852499447 0.043373145163059235 30
1731852500094 0.0428178608417511 31
1731852500606 0.04219397157430649 32
1731852501232 0.04161066934466362 33
1731852501946 0.04116344079375267 34
1731852502621 0.04057154059410095 35
1731852503278 0.04004872590303421 36
1731852503804 0.039637841284275055 37
1731852504617 0.03876058757305145 38
1731852505258 0.038269467651844025 39
1731852505770 0.03791166469454765 40
1731852506383 0.03729749843478203 41
1731852506932 0.03684413805603981 42
1731852507579 0.036277685314416885 43
1731852508103 0.03565502539277077 44
1731852508713 0.035481199622154236 45
1731852509364 0.03484727069735527 46
1731852509883 0.03446801006793976 47
1731852510401 0.0339994803071022 48
1731852510932 0.03339388221502304 49
