1731867647553 0.05657642334699631 0
1731867648224 0.010858137160539627 1
1731867648873 0.00714604277163744 2
1731867649512 0.006532303057610989 3
1731867650150 0.004560643807053566 4
1731867650676 0.003907638136297464 5
1731867651312 0.003217780264094472 6
1731867651883 0.006409315392374992 7
1731867652422 0.0034043537452816963 8
1731867652976 0.0034718976821750402 9
1731867653767 0.002951547270640731 10
1731867654354 0.0035975174978375435 11
1731867654971 0.0026545878499746323 12
1731867655637 0.002426315099000931 13
1731867656280 0.0024681848008185625 14
1731867656854 0.00259986100718379 15
1731867657468 0.003080222988501191 16
1731867658072 0.003131717210635543 17
1731867658615 0.0027622608467936516 18
1731867659270 0.0026700312737375498 19
1731867659793 0.0024408563040196896 20
1731867660429 0.0022887506056576967 21
1731867661095 0.0021029519848525524 22
1731867661632 0.0030631127301603556 23
1731867662179 0.0027702543884515762 24
1731867662712 0.0021299347281455994 25
1731867663271 0.0021364379208534956 26
1731867664062 0.0021094195544719696 27
1731867664604 0.003854034934192896 28
1731867665151 0.0020408087875694036 29
1731867665703 0.0018332951003685594 30
1731867666586 0.002044218359515071 31
1731867667159 0.0018682790687307715 32
1731867667703 0.001958467997610569 33
1731867668287 0.0017955767689272761 34
1731867668824 0.0024298839271068573 35
1731867669373 0.0022638437803834677 36
1731867670002 0.0023291956167668104 37
1731867670682 0.0018608443206176162 38
1731867671235 0.001632942003197968 39
1731867671779 0.001865559141151607 40
1731867672351 0.0021730265580117702 41
1731867672918 0.002051834249868989 42
1731867673447 0.0020107231102883816 43
1731867673998 0.001979811117053032 44
1731867674675 0.0018343194387853146 45
1731867675224 0.0018707782728597522 46
1731867676006 0.0016378489090129733 47
1731867676562 0.0015407099854201078 48
1731867677151 0.001546303159557283 49
