1731879474660 0.03630904480814934 0
1731879475181 0.004947042092680931 1
1731879475756 0.0039764284156262875 2
1731879476321 0.0028600955847650766 3
1731879476913 0.003075382672250271 4
1731879477353 0.0033498876728117466 5
1731879477797 0.002665078965947032 6
1731879478512 0.0024658325128257275 7
1731879478991 0.0030927101615816355 8
1731879479438 0.0030933800153434277 9
1731879479889 0.0018457828555256128 10
1731879480350 0.002190076047554612 11
1731879480798 0.001690718694590032 12
1731879481265 0.0026605280581861734 13
1731879481977 0.002092083217576146 14
1731879482438 0.001977173611521721 15
1731879482891 0.0019672629423439503 16
1731879483499 0.0018436689861118793 17
1731879483954 0.001321136369369924 18
1731879484402 0.0026757961604744196 19
1731879484850 0.0013847853988409042 20
1731879485293 0.0018367624143138528 21
1731879485764 0.002151705091819167 22
1731879486211 0.0015350477769970894 23
1731879486926 0.002018412807956338 24
1731879487380 0.002151140943169594 25
1731879487832 0.0021279016509652138 26
1731879488307 0.0013919376069679856 27
1731879488756 0.0016518995398655534 28
1731879489315 0.001961034256964922 29
1731879489772 0.001963346730917692 30
1731879490218 0.002244943520054221 31
1731879490825 0.002041600411757827 32
1731879491270 0.0015401624841615558 33
1731879491719 0.0017936439253389835 34
1731879492171 0.0013660435797646642 35
1731879492760 0.0018805053550750017 36
1731879493333 0.0015935500850901008 37
1731879493793 0.0018247183179482818 38
1731879494243 0.0014810401480644941 39
1731879494693 0.001531460089609027 40
1731879495172 0.0017313410062342882 41
1731879495625 0.0018870719941332936 42
1731879496126 0.0015046632615849376 43
1731879496684 0.0016252330970019102 44
1731879497127 0.0017612746451050043 45
1731879497632 0.0020357626490294933 46
1731879498081 0.0016140616498887539 47
1731879498527 0.0018483875319361687 48
1731879498972 0.0017481392715126276 49
