1731859674083 0.4857881963253021 0
1731859674863 0.2022784799337387 1
1731859675480 0.0883035659790039 2
1731859675979 0.05575043708086014 3
1731859676626 0.042226992547512054 4
1731859677230 0.024980658665299416 5
1731859677745 0.022429585456848145 6
1731859678349 0.01441906113177538 7
1731859678879 0.01300368644297123 8
1731859679419 0.01123243011534214 9
1731859679934 0.009967421181499958 10
1731859680562 0.01127402950078249 11
1731859681190 0.008566866628825665 12
1731859681704 0.008072515949606895 13
1731859682213 0.006567598786205053 14
1731859682717 0.006194856017827988 15
1731859683247 0.010761561803519726 16
1731859683891 0.00963769480586052 17
1731859684447 0.015750356018543243 18
1731859684976 0.007556413300335407 19
1731859685504 0.007648663129657507 20
1731859686017 0.0075871916487813 21
1731859686530 0.006147950422018766 22
1731859687133 0.027410069480538368 23
1731859687642 0.010473594069480896 24
1731859688176 0.01312356535345316 25
1731859688679 0.00890714768320322 26
1731859689186 0.006113053765147924 27
1731859689700 0.008805868215858936 28
1731859690233 0.0062942057847976685 29
1731859690737 0.007261970546096563 30
1731859691250 0.006072544027119875 31
1731859691762 0.005183949135243893 32
1731859692407 0.005067727062851191 33
1731859693016 0.006450226064771414 34
1731859693665 0.007897046394646168 35
1731859694178 0.006319073494523764 36
1731859694710 0.00708676828071475 37
1731859695234 0.007993651553988457 38
1731859695742 0.00852132961153984 39
1731859696249 0.006439972203224897 40
1731859696785 0.005127198062837124 41
1731859697302 0.0045977141708135605 42
1731859697807 0.005447840318083763 43
1731859698317 0.007769464049488306 44
1731859698819 0.0116386404260993 45
1731859699354 0.008227573707699776 46
1731859699861 0.006258562207221985 47
1731859700377 0.006028992589563131 48
1731859700887 0.005370101425796747 49
