1731867970528 0.050703804939985275 0
1731867971179 0.013317548669874668 1
1731867971820 0.010985088534653187 2
1731867972394 0.010475360788404942 3
1731867972942 0.006042102817445993 4
1731867973487 0.004937028978019953 5
1731867974157 0.004424795974045992 6
1731867974699 0.004178904928267002 7
1731867975256 0.004419700708240271 8
1731867975788 0.003558064578101039 9
1731867976401 0.004113492090255022 10
1731867977043 0.004972459282726049 11
1731867977607 0.0036875794176012278 12
1731867978350 0.0033380244858562946 13
1731867979174 0.003326155012473464 14
1731867979816 0.003147947834804654 15
1731867980374 0.002864832291379571 16
1731867980915 0.003962012007832527 17
1731867981507 0.002591532887890935 18
1731867982060 0.0029217798728495836 19
1731867982598 0.0027800046373158693 20
1731867983147 0.002715061418712139 21
1731867983717 0.003768256865441799 22
1731867984278 0.003419463522732258 23
1731867984814 0.0057424744591116905 24
1731867985364 0.003183147171512246 25
1731867986040 0.00253202929161489 26
1731867986676 0.002221573144197464 27
1731867987233 0.0021405392326414585 28
1731867987919 0.002238035900518298 29
1731867988484 0.002217252505943179 30
1731867989042 0.002044812310487032 31
1731867989579 0.0024215606972575188 32
1731867990324 0.0025816503912210464 33
1731867990866 0.0029086896684020758 34
1731867991487 0.0025058479513972998 35
1731867992104 0.0024120607413351536 36
1731867992782 0.0018379706889390945 37
1731867993344 0.0021314278710633516 38
1731867993881 0.0020258058793842793 39
1731867994457 0.0017795327585190535 40
1731867995037 0.002973515074700117 41
1731867995579 0.002882430562749505 42
1731867996134 0.0018075102707371116 43
1731867996768 0.001877032918855548 44
1731867997347 0.0020662301685661077 45
1731867997912 0.0018264370737597346 46
1731867998523 0.0017639705911278725 47
1731867999176 0.0019767475314438343 48
1731868000147 0.0015527871437370777 49
