1731853730547 0.24442261457443237 0
1731853731178 0.1921885907649994 1
1731853731803 0.17883826792240143 2
1731853732424 0.1444200724363327 3
1731853733071 0.1007414311170578 4
1731853733583 0.10743040591478348 5
1731853734090 0.06753595173358917 6
1731853734851 0.07108869403600693 7
1731853735376 0.06669332087039948 8
1731853735877 0.06564951688051224 9
1731853736394 0.06562118232250214 10
1731853736903 0.06496421247720718 11
1731853737419 0.06657082587480545 12
1731853737905 0.05876018479466438 13
1731853738510 0.06474621593952179 14
1731853739126 0.07042308151721954 15
1731853739656 0.06091020256280899 16
1731853740172 0.06286805123090744 17
1731853740686 0.06755039840936661 18
1731853741200 0.06037634611129761 19
1731853741709 0.06003573536872864 20
1731853742214 0.061529308557510376 21
1731853742822 0.059435270726680756 22
1731853743326 0.056986790150403976 23
1731853743830 0.059774249792099 24
1731853744367 0.05703549459576607 25
1731853744871 0.06031214818358421 26
1731853745490 0.059858422726392746 27
1731853745992 0.06431814283132553 28
1731853746518 0.05542774870991707 29
1731853747026 0.05352303385734558 30
1731853747539 0.05537308007478714 31
1731853748044 0.05757810175418854 32
1731853748548 0.054232407361269 33
1731853749079 0.058428872376680374 34
1731853749594 0.05652569606900215 35
1731853750104 0.05317511036992073 36
1731853750609 0.05395180359482765 37
1731853751140 0.054771166294813156 38
1731853751647 0.05664432793855667 39
1731853752151 0.05660941079258919 40
1731853752650 0.05311376228928566 41
1731853753178 0.05227610096335411 42
1731853753688 0.06052783131599426 43
1731853754198 0.0463002510368824 44
1731853754813 0.06579973548650742 45
1731853755334 0.05551346018910408 46
1731853755866 0.05419231206178665 47
1731853756375 0.055238012224435806 48
1731853756921 0.052082281559705734 49
