1731860531678 0.09871108084917068 0
1731860532335 0.037442173808813095 1
1731860533004 0.020010806620121002 2
1731860533636 0.011193891055881977 3
1731860534280 0.02197822369635105 4
1731860534813 0.011995124630630016 5
1731860535362 0.00859805103391409 6
1731860535895 0.006637909449636936 7
1731860536538 0.006246720440685749 8
1731860537064 0.010161071084439754 9
1731860537618 0.0070326970890164375 10
1731860538144 0.006131601985543966 11
1731860538671 0.004813547246158123 12
1731860539199 0.005119032692164183 13
1731860539905 0.004782309290021658 14
1731860540540 0.004165266174823046 15
1731860541191 0.004233489744365215 16
1731860541714 0.004475756082683802 17
1731860542267 0.004968968220055103 18
1731860542799 0.00441362289711833 19
1731860543452 0.0037991704884916544 20
1731860543991 0.003903848584741354 21
1731860544658 0.004382656887173653 22
1731860545318 0.00397022208198905 23
1731860545850 0.004840110428631306 24
1731860546381 0.005878162570297718 25
1731860546936 0.014567901380360126 26
1731860547482 0.00913586188107729 27
1731860548019 0.005729653872549534 28
1731860548553 0.0035662571899592876 29
1731860549104 0.003287966363132 30
1731860549632 0.0032233628444373608 31
1731860550277 0.003263606922701001 32
1731860551076 0.003063570475205779 33
1731860551640 0.0028840648010373116 34
1731860552168 0.003060881979763508 35
1731860552703 0.002860972424969077 36
1731860553229 0.00275718723423779 37
1731860553897 0.0033586511854082346 38
1731860554427 0.002902745734900236 39
1731860554963 0.002863602712750435 40
1731860555494 0.0027725850231945515 41
1731860556038 0.0027049779891967773 42
1731860556841 0.002814257750287652 43
1731860557485 0.002687418134883046 44
1731860558004 0.0029155267402529716 45
1731860558560 0.0031496481969952583 46
1731860559096 0.002965350402519107 47
1731860559630 0.0035136204678565264 48
1731860560162 0.004964172374457121 49
