1731879576172 0.04322200268507004 0
1731879576597 0.010714835487306118 1
1731879577015 0.005202426575124264 2
1731879577446 0.003665712894871831 3
1731879577757 0.0031977330800145864 4
1731879578060 0.0028291225899010897 5
1731879578359 0.003062434494495392 6
1731879578661 0.002887025708332658 7
1731879578967 0.002507682191208005 8
1731879579271 0.0027321234811097383 9
1731879579697 0.0023218116257339716 10
1731879580010 0.002128328662365675 11
1731879580313 0.0023637881968170404 12
1731879580616 0.0021748337894678116 13
1731879581027 0.0023138648830354214 14
1731879581337 0.0019420947646722198 15
1731879581637 0.002678345888853073 16
1731879582050 0.0017396913608536124 17
1731879582366 0.0022978626657277346 18
1731879582675 0.0017367869149893522 19
1731879583265 0.002074655843898654 20
1731879583679 0.001977220643311739 21
1731879583999 0.0018864130834117532 22
1731879584327 0.0019370069494470954 23
1731879584637 0.001990657299757004 24
1731879585061 0.0018045544857159257 25
1731879585371 0.0020623712334781885 26
1731879585672 0.001901224022731185 27
1731879585982 0.001632632571272552 28
1731879586283 0.001924547366797924 29
1731879586609 0.0016293327789753675 30
1731879586921 0.001899412483908236 31
1731879587342 0.0014902782859280705 32
1731879587649 0.0018026254838332534 33
1731879587953 0.0019427130464464426 34
1731879588256 0.0014584992313757539 35
1731879588560 0.001991045428439975 36
1731879588884 0.001676267827861011 37
1731879589188 0.0016069250414147973 38
1731879589490 0.0017687338404357433 39
1731879589793 0.0016029959078878164 40
1731879590100 0.001383235794492066 41
1731879590397 0.001884837867692113 42
1731879590734 0.0013015040894970298 43
1731879591386 0.00168968818616122 44
1731879591723 0.001546882325783372 45
1731879592028 0.0019995523616671562 46
1731879592338 0.0015036831609904766 47
1731879592650 0.0017496481304988265 48
1731879592954 0.0013919923221692443 49
