1731857037772 0.04227277263998985 0
1731857038728 0.016201931983232498 1
1731857039532 0.007847011089324951 2
1731857040323 0.005998837761580944 3
1731857041171 0.00501842238008976 4
1731857042127 0.004433080088347197 5
1731857043157 0.004630759358406067 6
1731857043831 0.004128200002014637 7
1731857044476 0.0049845329485833645 8
1731857045220 0.00405539944767952 9
1731857046414 0.0033091448713093996 10
1731857047568 0.0034990492276847363 11
1731857048205 0.004366484470665455 12
1731857048842 0.010022085160017014 13
1731857049560 0.004667019937187433 14
1731857050240 0.004640642553567886 15
1731857051258 0.003540493780747056 16
1731857052026 0.0032830035779625177 17
1731857053187 0.003203267464414239 18
1731857054377 0.0029833088628947735 19
1731857055245 0.0037665357813239098 20
1731857056057 0.0037116757594048977 21
1731857056863 0.00418876763433218 22
1731857057686 0.002880857326090336 23
1731857058510 0.002831311197951436 24
1731857059302 0.00299463770352304 25
1731857060008 0.004141663666814566 26
1731857060984 0.004054718185216188 27
1731857061782 0.0035598082467913628 28
1731857062469 0.0036396344657987356 29
1731857063202 0.002445884281769395 30
1731857064443 0.003547502914443612 31
1731857065639 0.0030268761329352856 32
1731857067177 0.0033338323701173067 33
1731857068057 0.0027981391176581383 34
1731857068620 0.0027145943604409695 35
1731857069189 0.0028512822464108467 36
1731857069787 0.0032270431984215975 37
1731857070388 0.003021351993083954 38
1731857070968 0.0026515501085668802 39
1731857071525 0.0026090056635439396 40
1731857072338 0.003544618608430028 41
1731857072917 0.002344690728932619 42
1731857073753 0.0021442275028675795 43
1731857074421 0.002600037958472967 44
1731857075008 0.0033182045444846153 45
1731857075558 0.0027222877833992243 46
1731857076130 0.0024080323055386543 47
1731857076686 0.003274457296356559 48
1731857077281 0.0023126567248255014 49
