1731868470608 0.04876025393605232 0
1731868471951 0.009529109112918377 1
1731868472645 0.00681568868458271 2
1731868473350 0.006648316979408264 3
1731868475069 0.004304168280214071 4
1731868476151 0.003119777189567685 5
1731868476980 0.0028324045706540346 6
1731868477574 0.002500780625268817 7
1731868478099 0.002405939158052206 8
1731868478667 0.002478944603353739 9
1731868479255 0.0020484016276896 10
1731868479799 0.0021670223213732243 11
1731868480458 0.0024441666901111603 12
1731868480999 0.002377548720687628 13
1731868481649 0.0020103356800973415 14
1731868482312 0.0033159831073135138 15
1731868482839 0.006514437962323427 16
1731868483378 0.002707589417695999 17
1731868483905 0.002241771435365081 18
1731868484472 0.002861682791262865 19
1731868485256 0.0021942881867289543 20
1731868485782 0.0023311213590204716 21
1731868486323 0.001962522277608514 22
1731868486911 0.005599550902843475 23
1731868487457 0.002666657092049718 24
1731868488047 0.002062571933493018 25
1731868488602 0.0019506590906530619 26
1731868489184 0.0018503149040043354 27
1731868489806 0.0018046372570097446 28
1731868490369 0.0020901584066450596 29
1731868490901 0.0023299737367779016 30
1731868491474 0.002124674618244171 31
1731868492001 0.0016904778312891722 32
1731868492540 0.001755344681441784 33
1731868493065 0.0018268191488459706 34
1731868493635 0.0016926380340009928 35
1731868494192 0.0016839371528476477 36
1731868494721 0.001844491926021874 37
1731868495270 0.0017468048026785254 38
1731868495801 0.0016359039582312107 39
1731868496539 0.001689398312009871 40
1731868497063 0.0018130873795598745 41
1731868497643 0.002059672260656953 42
1731868498212 0.0015638141194358468 43
1731868498837 0.001771848532371223 44
1731868499372 0.0016087283147498965 45
1731868499887 0.001502140425145626 46
1731868500459 0.0018492253730073571 47
1731868500990 0.001936157583259046 48
1731868501571 0.0021036691032350063 49
