1731871601545 0.04852107912302017 0
1731871602303 0.005684654228389263 1
1731871602968 0.016800571233034134 2
1731871603653 0.0038240160793066025 3
1731871604394 0.0030359753873199224 4
1731871605049 0.0024382679257541895 5
1731871605703 0.0024194177240133286 6
1731871606364 0.0021937554702162743 7
1731871607129 0.0030105540063232183 8
1731871607903 0.0027665430679917336 9
1731871608780 0.0022179174702614546 10
1731871609462 0.002056213328614831 11
1731871610097 0.0018414531368762255 12
1731871610773 0.0017767222598195076 13
1731871611404 0.0022164646070450544 14
1731871612058 0.0027544270269572735 15
1731871612703 0.002292168792337179 16
1731871613417 0.0017365486128255725 17
1731871614186 0.0017307624220848083 18
1731871614833 0.0015709331491962075 19
1731871615915 0.001939287525601685 20
1731871616833 0.0016300282441079617 21
1731871617607 0.001587444101460278 22
1731871618468 0.0014663240872323513 23
1731871619094 0.0015326866414397955 24
1731871619861 0.0015417810063809156 25
1731871620699 0.0013874006690457463 26
1731871621376 0.0013733776286244392 27
1731871622031 0.0015659912023693323 28
1731871622692 0.0013730681966990232 29
1731871623352 0.0014093996724113822 30
1731871624002 0.0013503710506483912 31
1731871624648 0.0016777400160208344 32
1731871625352 0.0014316611923277378 33
1731871626034 0.0013436238514259458 34
1731871626699 0.0014428261201828718 35
1731871627374 0.001856326824054122 36
1731871628115 0.0015917564742267132 37
1731871628776 0.0014869996812194586 38
1731871629408 0.0014274748973548412 39
1731871630341 0.0015193893341347575 40
1731871631133 0.0015435091918334365 41
1731871631948 0.0013531167060136795 42
1731871632657 0.0015280013903975487 43
1731871633294 0.0013311804505065084 44
1731871634068 0.0011786564718931913 45
1731871634729 0.0013839115854352713 46
1731871635391 0.0013043767539784312 47
1731871636057 0.0012183026410639286 48
1731871636825 0.001091815298423171 49
