1731893028691 0.02112427167594433 0
1731893029185 0.00499813724309206 1
1731893029667 0.004093850962817669 2
1731893030157 0.004332602024078369 3
1731893030564 0.002843440044671297 4
1731893030979 0.0032510487362742424 5
1731893031465 0.0033606081269681454 6
1731893031966 0.0034116473980247974 7
1731893032361 0.002085953252390027 8
1731893032763 0.0030412108171731234 9
1731893033187 0.0025638218503445387 10
1731893033585 0.0025675231590867043 11
1731893034088 0.0029546404257416725 12
1731893034478 0.0024519653525203466 13
1731893034879 0.0018790034810081124 14
1731893035304 0.003682804759591818 15
1731893035702 0.0016223087441176176 16
1731893036103 0.0023940084502100945 17
1731893036497 0.0018136021681129932 18
1731893036894 0.0024545318447053432 19
1731893037579 0.00248139095492661 20
1731893037978 0.001567057566717267 21
1731893038380 0.0024746458511799574 22
1731893038869 0.0014124650042504072 23
1731893039270 0.0025515013840049505 24
1731893039684 0.0024526456836611032 25
1731893040182 0.0019412485416978598 26
1731893040675 0.0017901310930028558 27
1731893041075 0.0019536390900611877 28
1731893041469 0.0019641241524368525 29
1731893041868 0.0019313787342980504 30
1731893042286 0.0013990880688652396 31
1731893042693 0.00221841293387115 32
1731893043092 0.0017577578546479344 33
1731893043488 0.0013791121309623122 34
1731893043876 0.0020353621803224087 35
1731893044294 0.0017777555622160435 36
1731893044692 0.0017182233277708292 37
1731893045090 0.0017250999808311462 38
1731893045487 0.0017972704954445362 39
1731893045884 0.0014927206793799996 40
1731893046280 0.0017765907105058432 41
1731893046706 0.0020262824837118387 42
1731893047104 0.0014212783426046371 43
1731893047498 0.001587371458299458 44
1731893048022 0.0012786624720320106 45
1731893048419 0.0015730736777186394 46
1731893048833 0.0017640372971072793 47
1731893049236 0.0016259661642834544 48
1731893049729 0.0015999795868992805 49
