1731867180049 0.06101835146546364 0
1731867180679 0.003063566517084837 1
1731867181206 0.0050334688276052475 2
1731867181794 0.004257868509739637 3
1731867182442 0.0019831755198538303 4
1731867182954 0.001875657238997519 5
1731867183552 0.0018266161205247045 6
1731867184108 0.0017871588934212923 7
1731867184621 0.0018938431749120355 8
1731867185135 0.0015767504228278995 9
1731867185746 0.0015705912373960018 10
1731867186261 0.0016672154888510704 11
1731867186943 0.0020726192742586136 12
1731867187478 0.001517859403975308 13
1731867188085 0.0017414245521649718 14
1731867188603 0.0017881670501083136 15
1731867189135 0.002134694019332528 16
1731867189777 0.0019521135836839676 17
1731867190295 0.0015970176318660378 18
1731867190814 0.0014911480247974396 19
1731867191448 0.0013570250011980534 20
1731867191956 0.0014784648083150387 21
1731867192509 0.0035017039626836777 22
1731867193032 0.004262448288500309 23
1731867193683 0.0013112295418977737 24
1731867194190 0.0012347479350864887 25
1731867194802 0.001364822848699987 26
1731867195310 0.001288021681830287 27
1731867195875 0.0013361029559746385 28
1731867196539 0.0013376096030697227 29
1731867197054 0.001523564220406115 30
1731867197672 0.0022000614553689957 31
1731867198209 0.001672576298005879 32
1731867198730 0.0013209807220846415 33
1731867199241 0.0014461101964116096 34
1731867199746 0.0011242050677537918 35
1731867200305 0.0015595502918586135 36
1731867200818 0.0012159963371232152 37
1731867201435 0.0011182328453287482 38
1731867202047 0.001142056193202734 39
1731867202583 0.001208101981319487 40
1731867203097 0.0011415142798796296 41
1731867203610 0.001522910431958735 42
1731867204384 0.0015021847793832421 43
1731867204918 0.0012491223169490695 44
1731867205436 0.001354286097921431 45
1731867205955 0.0013374608242884278 46
1731867206511 0.0009868983179330826 47
1731867207026 0.001528669730760157 48
1731867207556 0.0010830550454556942 49
