1731871194400 0.029292406514286995 0
1731871195548 0.007405655458569527 1
1731871196786 0.0034804577007889748 2
1731871197910 0.002268123207613826 3
1731871199038 0.002895031124353409 4
1731871200456 0.00221508857794106 5
1731871201665 0.002297651953995228 6
1731871202741 0.002216548193246126 7
1731871203870 0.0029024279210716486 8
1731871205047 0.0021999317687004805 9
1731871206092 0.001977610867470503 10
1731871207116 0.00189139973372221 11
1731871208384 0.0016977573977783322 12
1731871209687 0.0017865801928564906 13
1731871210725 0.0024417154490947723 14
1731871211775 0.0034703779965639114 15
1731871213348 0.0021762170363217592 16
1731871214961 0.0015782960690557957 17
1731871216383 0.0015669267158955336 18
1731871217558 0.0017371055437251925 19
1731871218990 0.0016299786511808634 20
1731871220987 0.001608197926543653 21
1731871222593 0.0018748098518699408 22
1731871223965 0.0019334967946633697 23
1731871225123 0.0018485961481928825 24
1731871226212 0.002287975512444973 25
1731871227368 0.0019626691937446594 26
1731871228449 0.001931531005539 27
1731871229618 0.0020287062507122755 28
1731871230660 0.0015675926115363836 29
1731871232694 0.001430889475159347 30
1731871234118 0.001414288766682148 31
1731871235788 0.001379821915179491 32
1731871236900 0.0014992270153015852 33
1731871238134 0.0016022400232031941 34
1731871240038 0.0015281714731827378 35
1731871241519 0.001472673611715436 36
1731871243074 0.001798176090233028 37
1731871244483 0.0015088303480297327 38
1731871245783 0.0015178509056568146 39
1731871246957 0.0014782296493649483 40
1731871248156 0.0020996888633817434 41
1731871249318 0.0013108841376379132 42
1731871250772 0.001665413728915155 43
1731871252070 0.0011763890506699681 44
1731871253487 0.0013876359444111586 45
1731871254690 0.0014028564328327775 46
1731871256062 0.0014574788510799408 47
1731871257350 0.0012243515811860561 48
1731871258674 0.0014748474350199103 49
