1731892723524 0.03968687355518341 0
1731892724651 0.003522197250276804 1
1731892725783 0.002136732218787074 2
1731892726825 0.012659081257879734 3
1731892727862 0.003416049527004361 4
1731892728979 0.001676100306212902 5
1731892730117 0.0016774625983089209 6
1731892731507 0.0014883456751704216 7
1731892732519 0.0014903020346537232 8
1731892733778 0.0015516376588493586 9
1731892734819 0.0014906807336956263 10
1731892735820 0.0013268358306959271 11
1731892736974 0.001317364745773375 12
1731892738002 0.001261568395420909 13
1731892739010 0.0012672193115577102 14
1731892740166 0.0014387270202860236 15
1731892741275 0.001232997397892177 16
1731892742299 0.0013943142257630825 17
1731892743312 0.0015342116821557283 18
1731892744331 0.0015250003198161721 19
1731892745491 0.0012118446175009012 20
1731892746626 0.0013003437779843807 21
1731892747622 0.001164070563390851 22
1731892748624 0.001189991133287549 23
1731892749653 0.0011475116480141878 24
1731892750658 0.0012557465815916657 25
1731892751678 0.001367785967886448 26
1731892752685 0.001263731624931097 27
1731892753832 0.001074215630069375 28
1731892754841 0.0013370566302910447 29
1731892756176 0.001184880849905312 30
1731892757177 0.0011382066877558827 31
1731892758308 0.0011434326879680157 32
1731892759330 0.0011685614008456469 33
1731892760353 0.0012155756121501327 34
1731892761483 0.00111285294406116 35
1731892762488 0.001013552420772612 36
1731892763514 0.001297653652727604 37
1731892764507 0.0010038480395451188 38
1731892765544 0.0010492036817595363 39
1731892766551 0.0011757288593798876 40
1731892767731 0.0010459962068125606 41
1731892768742 0.0010185005376115441 42
1731892769742 0.0011693061096593738 43
1731892770814 0.0010664764558896422 44
1731892771932 0.0010017298627644777 45
1731892772985 0.0010725052561610937 46
1731892773999 0.001085241325199604 47
1731892775054 0.001088772900402546 48
1731892776095 0.0018498132703825831 49
