1731858800148 0.057556428015232086 0
1731858800736 0.01880767196416855 1
1731858801318 0.009767157025635242 2
1731858801816 0.011896344833076 3
1731858802401 0.008077258244156837 4
1731858802884 0.006850491277873516 5
1731858803365 0.0069417268969118595 6
1731858803845 0.005707113537937403 7
1731858804585 0.005642728414386511 8
1731858805074 0.005393369123339653 9
1731858805560 0.005157103296369314 10
1731858806041 0.007035989314317703 11
1731858806526 0.00467356713488698 12
1731858807032 0.004333166405558586 13
1731858807520 0.004253997001796961 14
1731858808002 0.005348593462258577 15
1731858808487 0.004447998944669962 16
1731858808987 0.009970840997993946 17
1731858809576 0.005470517557114363 18
1731858810056 0.004620962776243687 19
1731858810541 0.004564235918223858 20
1731858811024 0.006106234155595303 21
1731858811527 0.003997183404862881 22
1731858812009 0.003802574472501874 23
1731858812504 0.003708816133439541 24
1731858812988 0.0037605045363307 25
1731858813582 0.0036470042541623116 26
1731858814078 0.003658152651041746 27
1731858814565 0.004936005920171738 28
1731858815282 0.0031804870814085007 29
1731858815793 0.003238958539441228 30
1731858816278 0.00332594383507967 31
1731858816757 0.0038922829553484917 32
1731858817241 0.0033642330672591925 33
1731858817728 0.003177981823682785 34
1731858818228 0.005791624542325735 35
1731858818717 0.008387335576117039 36
1731858819294 0.0037730077747255564 37
1731858819777 0.005345315206795931 38
1731858820284 0.005635267123579979 39
1731858820782 0.005012017674744129 40
1731858821263 0.003244268475100398 41
1731858821752 0.0033223603386431932 42
1731858822234 0.0034550714772194624 43
1731858822834 0.003362097777426243 44
1731858823322 0.003012667642906308 45
1731858823807 0.002993715927004814 46
1731858824293 0.002994606737047434 47
1731858824781 0.002713242080062628 48
1731858825282 0.002745486330240965 49
