1731881202932 0.02896602265536785 0
1731881204015 0.013367336243391037 1
1731881205105 0.009117393754422665 2
1731881206213 0.008752262219786644 3
1731881207165 0.00659159803763032 4
1731881208131 0.007085949182510376 5
1731881209075 0.005453263875097036 6
1731881210586 0.0037683758419007063 7
1731881211579 0.005272210575640202 8
1731881212675 0.004206222482025623 9
1731881213630 0.004066617228090763 10
1731881214578 0.004142255522310734 11
1731881215546 0.004162907600402832 12
1731881216662 0.00323320715688169 13
1731881217630 0.0033360603265464306 14
1731881218576 0.002820504130795598 15
1731881219864 0.0036273158621042967 16
1731881220820 0.0027270889841020107 17
1731881221796 0.0034386091865599155 18
1731881222780 0.0030960324220359325 19
1731881223736 0.0032539849635213614 20
1731881224705 0.0023730196990072727 21
1731881225655 0.00277872197329998 22
1731881226609 0.0030296295881271362 23
1731881227628 0.002832818543538451 24
1731881228722 0.002246391260996461 25
1731881229701 0.0024127436336129904 26
1731881230668 0.002570419805124402 27
1731881231967 0.0016503215301781893 28
1731881232921 0.002897008555009961 29
1731881233875 0.0021882476285099983 30
1731881234986 0.002139165997505188 31
1731881235942 0.0024686555843800306 32
1731881236947 0.0019386358326300979 33
1731881238089 0.002186221070587635 34
1731881239054 0.0019825806375592947 35
1731881240022 0.0016596538480371237 36
1731881240973 0.0017349803820252419 37
1731881241962 0.00229114037938416 38
1731881242939 0.0021474554669111967 39
1731881243917 0.0015793332131579518 40
1731881245024 0.0024612711276859045 41
1731881245971 0.001838115626014769 42
1731881246954 0.0016800458543002605 43
1731881247945 0.0019367651548236609 44
1731881248923 0.0019210425671190023 45
1731881249874 0.0019204497803002596 46
1731881250830 0.0024602601770311594 47
1731881251808 0.0019191289320588112 48
1731881252795 0.0019800749141722918 49
