1731878444994 0.023482484742999077 0
1731878447079 0.006969742942601442 1
1731878449135 0.0053069256246089935 2
1731878451430 0.004488983657211065 3
1731878453484 0.0033388175070285797 4
1731878455472 0.0033577079884707928 5
1731878457446 0.0033541121520102024 6
1731878459428 0.0031555527821183205 7
1731878461505 0.0028851355891674757 8
1731878463648 0.0023785969242453575 9
1731878465607 0.00230890279635787 10
1731878467566 0.002109695225954056 11
1731878469540 0.002187804551795125 12
1731878471672 0.0021492443047463894 13
1731878473667 0.0019352079834789038 14
1731878475647 0.002267142990604043 15
1731878477828 0.0020318436436355114 16
1731878479819 0.0019604479894042015 17
1731878481809 0.0020268065854907036 18
1731878483813 0.0022340903524309397 19
1731878485784 0.0018912419909611344 20
1731878487807 0.0019173010950908065 21
1731878489948 0.0018102070316672325 22
1731878491989 0.0019454775610938668 23
1731878494261 0.0016946194227784872 24
1731878496492 0.0015736761270090938 25
1731878498419 0.0018683501984924078 26
1731878500432 0.0015780809335410595 27
1731878502448 0.0017140180571004748 28
1731878504446 0.0016808522632345557 29
1731878506638 0.0017009417060762644 30
1731878508640 0.0014754292787984014 31
1731878510642 0.0016361544840037823 32
1731878512853 0.0014099093386903405 33
1731878514847 0.0015503504546359181 34
1731878516894 0.0015540097374469042 35
1731878519168 0.0013101128861308098 36
1731878521176 0.001655612955801189 37
1731878523210 0.0014370643766596913 38
1731878525209 0.001541372388601303 39
1731878527231 0.0015289874281734228 40
1731878529205 0.0014268435770645738 41
1731878531201 0.0015901039587333798 42
1731878533398 0.0014238067669793963 43
1731878535403 0.0013993250904604793 44
1731878537434 0.0013499781489372253 45
1731878539431 0.0013875258155167103 46
1731878541393 0.001451625139452517 47
1731878543423 0.0014122688444331288 48
1731878545578 0.0016237572999671102 49
