1731879439891 0.042148467153310776 0
1731879440488 0.007165522314608097 1
1731879440783 0.0032858382910490036 2
1731879441060 0.0033137379214167595 3
1731879441428 0.00267008482478559 4
1731879441700 0.0025759038981050253 5
1731879441974 0.0027911707293242216 6
1731879442247 0.002549518132582307 7
1731879442537 0.0025605547707527876 8
1731879442927 0.00260505941696465 9
1731879443335 0.002636189106851816 10
1731879443647 0.0020239329896867275 11
1731879443922 0.0019286865135654807 12
1731879444197 0.002433395478874445 13
1731879444572 0.001756864134222269 14
1731879444871 0.0019279009429737926 15
1731879445145 0.0014652232639491558 16
1731879445419 0.0018894588574767113 17
1731879445696 0.0022412589751183987 18
1731879446074 0.0023167813196778297 19
1731879446356 0.0016626098658889532 20
1731879446626 0.001970667624846101 21
1731879446901 0.0019280805718153715 22
1731879447196 0.0019404726335778832 23
1731879447475 0.001905381795950234 24
1731879447752 0.0019432022236287594 25
1731879448028 0.0019236308289691806 26
1731879448304 0.0020680709276348352 27
1731879448718 0.0017412836896255612 28
1731879448995 0.0017197888810187578 29
1731879449271 0.0018870042404159904 30
1731879449678 0.0018930824007838964 31
1731879449957 0.0018430270720273256 32
1731879450237 0.002243565395474434 33
1731879450508 0.0017441166564822197 34
1731879450784 0.001502520521171391 35
1731879451059 0.001886407844722271 36
1731879451338 0.0017223802860826254 37
1731879451641 0.0016905280062928796 38
1731879451918 0.0018328605219721794 39
1731879452190 0.0015354003990069032 40
1731879452504 0.0019460857147350907 41
1731879452962 0.0015761485556140542 42
1731879453284 0.0018120362656190991 43
1731879453605 0.0021387971937656403 44
1731879453944 0.0017359635094180703 45
1731879454249 0.0014202009188011289 46
1731879454521 0.0018299940275028348 47
1731879454899 0.0015028516063466668 48
1731879455178 0.0019508019322529435 49
