1731881667078 0.05342933535575867 0
1731881668548 0.007753636687994003 1
1731881669630 0.003293319372460246 2
1731881670581 0.005783448927104473 3
1731881671700 0.0020280294120311737 4
1731881672680 0.0030876100063323975 5
1731881673941 0.002887743292376399 6
1731881674925 0.002361886203289032 7
1731881676410 0.003592295339331031 8
1731881677405 0.0018200742779299617 9
1731881678424 0.002707286737859249 10
1731881679378 0.0018629530677571893 11
1731881680305 0.0016063372604548931 12
1731881681439 0.001593461143784225 13
1731881682574 0.001462247921153903 14
1731881683607 0.0013656610390171409 15
1731881684537 0.0013614643830806017 16
1731881685839 0.001465051551349461 17
1731881686770 0.0015264066169038415 18
1731881687719 0.001240613404661417 19
1731881688839 0.0014135247329249978 20
1731881689755 0.0013024142244830728 21
1731881690779 0.0011837903875857592 22
1731881691699 0.0011329649714753032 23
1731881692653 0.001331288949586451 24
1731881693784 0.0012612409191206098 25
1731881694710 0.0012273258762434125 26
1731881695657 0.001200024038553238 27
1731881696579 0.001177068566903472 28
1731881697530 0.001842380384914577 29
1731881698849 0.001119578373618424 30
1731881699779 0.002175634726881981 31
1731881700756 0.003111841157078743 32
1731881701914 0.0011597663396969438 33
1731881702865 0.0010867874370887876 34
1731881703823 0.0012348343152552843 35
1731881704747 0.0011176273692399263 36
1731881705692 0.0012098114239051938 37
1731881706622 0.0012116909492760897 38
1731881707771 0.0010350999655202031 39
1731881708725 0.001016112044453621 40
1731881709978 0.0011290187248960137 41
1731881710912 0.0010719647398218513 42
1731881711841 0.0010228606406599283 43
1731881712993 0.0011192456586286426 44
1731881713914 0.001098180771805346 45
1731881715029 0.0009468942298553884 46
1731881716001 0.0012170510599389672 47
1731881716934 0.0010673758806660771 48
1731881717919 0.0010125716216862202 49
