1731877112372 0.016564877703785896 0
1731877115016 0.0041681877337396145 1
1731877117367 0.006478219758719206 2
1731877119711 0.0027790069580078125 3
1731877122207 0.0025140682701021433 4
1731877124583 0.0028139231726527214 5
1731877127104 0.0020803799852728844 6
1731877129584 0.0019201933173462749 7
1731877131916 0.0020374273881316185 8
1731877134289 0.0018661972135305405 9
1731877136639 0.0023032596800476313 10
1731877139000 0.0017614781390875578 11
1731877141639 0.0016653272323310375 12
1731877144139 0.0014220296870917082 13
1731877146465 0.001816375064663589 14
1731877148983 0.0015864488668739796 15
1731877151313 0.00132844434119761 16
1731877153858 0.0014224144397303462 17
1731877156200 0.001404942711815238 18
1731877158561 0.001370905083604157 19
1731877160883 0.001646722899749875 20
1731877163215 0.0014221513411030173 21
1731877165553 0.0013651368208229542 22
1731877168000 0.0013585748383775353 23
1731877170524 0.0013842585030943155 24
1731877172897 0.0012372424826025963 25
1731877175396 0.001512042828835547 26
1731877177732 0.0015825917944312096 27
1731877180231 0.001456688973121345 28
1731877182575 0.0011126067256554961 29
1731877185103 0.001351359416730702 30
1731877187454 0.0013084531528875232 31
1731877189818 0.0011269488604739308 32
1731877192263 0.0011218200670555234 33
1731877194707 0.0012725212145596743 34
1731877197049 0.0011408199789002538 35
1731877199591 0.0011324675288051367 36
1731877201950 0.0015075413975864649 37
1731877204447 0.001042608986608684 38
1731877206777 0.001039678929373622 39
1731877209145 0.0010900059714913368 40
1731877211604 0.0009772953344509006 41
1731877214151 0.001067073899321258 42
1731877216495 0.001070344471372664 43
1731877218845 0.0012648217380046844 44
1731877221211 0.001156119629740715 45
1731877223578 0.0009042720776051283 46
1731877226080 0.001268909778445959 47
1731877228650 0.0009834368247538805 48
1731877230948 0.0010806613136082888 49
