1731893120548 0.04071908816695213 0
1731893121376 0.00832570344209671 1
1731893122221 0.010868548415601254 2
1731893123048 0.006714524235576391 3
1731893123748 0.003272362519055605 4
1731893124748 0.006642150692641735 5
1731893125464 0.0036873561330139637 6
1731893126176 0.005923749413341284 7
1731893127015 0.005635460373014212 8
1731893127743 0.0024377782829105854 9
1731893128458 0.004083531908690929 10
1731893129180 0.003037660615518689 11
1731893130044 0.0029454499017447233 12
1731893130765 0.0027054559905081987 13
1731893131482 0.002754042623564601 14
1731893132220 0.003928037825971842 15
1731893132977 0.0030536663252860308 16
1731893133737 0.002238068962469697 17
1731893134501 0.003524296684190631 18
1731893135278 0.0031270794570446014 19
1731893135990 0.0028263048734515905 20
1731893137018 0.002045248867943883 21
1731893137737 0.0019695472437888384 22
1731893138567 0.00273972749710083 23
1731893139306 0.0015994571149349213 24
1731893140031 0.0027698855847120285 25
1731893140741 0.0022987830452620983 26
1731893141483 0.001420309767127037 27
1731893142196 0.0021026101894676685 28
1731893142916 0.0016726353205740452 29
1731893143666 0.0019336099503561854 30
1731893144377 0.00240547233261168 31
1731893145086 0.001888773636892438 32
1731893145805 0.0016710296040400863 33
1731893146531 0.0023261739406734705 34
1731893147251 0.0017809600103646517 35
1731893148247 0.0018978103762492537 36
1731893148961 0.0018978468142449856 37
1731893149680 0.0019882777705788612 38
1731893150398 0.0016495117451995611 39
1731893151091 0.0019078708719462156 40
1731893151797 0.0017694636480882764 41
1731893152511 0.0019694343209266663 42
1731893153244 0.0013727834448218346 43
1731893153957 0.002007820177823305 44
1731893154668 0.001909093582071364 45
1731893155417 0.001290612737648189 46
1731893156132 0.002217188710346818 47
1731893156843 0.0017281301552429795 48
1731893157580 0.0014211805537343025 49
