1731875125497 0.03654288500547409 0
1731875126549 0.003437299281358719 1
1731875127603 0.00287304213270545 2
1731875128637 0.0023355281446129084 3
1731875129614 0.0025685683358460665 4
1731875130581 0.0020432271994650364 5
1731875131669 0.002140349242836237 6
1731875132676 0.001796718337573111 7
1731875133626 0.0021633829455822706 8
1731875134645 0.0017617467092350125 9
1731875135601 0.0017748058307915926 10
1731875136535 0.0014498361852020025 11
1731875137487 0.0015840373234823346 12
1731875138446 0.002438746625557542 13
1731875139384 0.0014525236329063773 14
1731875140437 0.001441644155420363 15
1731875141351 0.0015899443533271551 16
1731875142490 0.0013319487916305661 17
1731875143411 0.0015092679532244802 18
1731875144334 0.0014360923087224364 19
1731875145292 0.001310238498263061 20
1731875146254 0.0013385763159021735 21
1731875147321 0.0012770291650667787 22
1731875148241 0.0011808419367298484 23
1731875149186 0.0014787979889661074 24
1731875150142 0.001126510789617896 25
1731875151145 0.0013124648248776793 26
1731875152106 0.0011517897946760058 27
1731875153020 0.0012604532530531287 28
1731875154233 0.001158095896244049 29
1731875155167 0.0012938021682202816 30
1731875156176 0.0010675399098545313 31
1731875157127 0.0012202057987451553 32
1731875158050 0.0011228671064600348 33
1731875158998 0.0011110929772257805 34
1731875159964 0.0011291708797216415 35
1731875160927 0.0010492816800251603 36
1731875161962 0.0010180402314290404 37
1731875162915 0.0010987612185999751 38
1731875163884 0.001106245326809585 39
1731875164810 0.0010810098610818386 40
1731875165910 0.0010613611666485667 41
1731875166847 0.0009684978285804391 42
1731875167828 0.0009717224165797234 43
1731875168741 0.0010150633752346039 44
1731875169678 0.0010463938815519214 45
1731875170664 0.0010182290570810437 46
1731875171603 0.0009322083205915987 47
1731875172558 0.0012928659562021494 48
1731875173622 0.0009294032934121788 49
