1731868725025 0.04310460388660431 0
1731868725695 0.00786565151065588 1
1731868726365 0.0040923249907791615 2
1731868726908 0.012332404963672161 3
1731868727790 0.006255838088691235 4
1731868728558 0.002818240085616708 5
1731868729136 0.0022731784265488386 6
1731868729728 0.003280102275311947 7
1731868730321 0.0022648992016911507 8
1731868730971 0.0022631760220974684 9
1731868731556 0.00209441059269011 10
1731868732142 0.0030483778100460768 11
1731868732708 0.002037480939179659 12
1731868733257 0.0018866517348214984 13
1731868733919 0.0019435524009168148 14
1731868734507 0.002062352141365409 15
1731868735148 0.0017932193586602807 16
1731868735708 0.0018191454000771046 17
1731868736299 0.001973915146663785 18
1731868737006 0.0019310663919895887 19
1731868737680 0.0023811960127204657 20
1731868738234 0.0017631889786571264 21
1731868738788 0.0015498368302360177 22
1731868739474 0.0015580332837998867 23
1731868740018 0.0016361350426450372 24
1731868740589 0.0014703278429806232 25
1731868741211 0.001712529337964952 26
1731868741908 0.0017583937151357532 27
1731868742551 0.0015096582937985659 28
1731868743177 0.0015509953955188394 29
1731868743955 0.0017105231527239084 30
1731868744527 0.0019748436752706766 31
1731868745069 0.00212565204128623 32
1731868745642 0.0021846138406544924 33
1731868746244 0.001601473311893642 34
1731868746847 0.0014840131625533104 35
1731868747512 0.0013949183048680425 36
1731868748166 0.001547776977531612 37
1731868748743 0.001273822970688343 38
1731868749417 0.0013467587996274233 39
1731868749997 0.001457428210414946 40
1731868750687 0.001234626630321145 41
1731868751238 0.0014218982541933656 42
1731868751802 0.0012524437624961138 43
1731868752365 0.0013109403662383556 44
1731868752932 0.0011650336673483253 45
1731868753495 0.0011418979847803712 46
1731868754064 0.0013748424826189876 47
1731868754631 0.0012541054747998714 48
1731868755200 0.001734986319206655 49
