1731860580039 0.14857955276966095 0
1731860580758 0.03325996920466423 1
1731860581461 0.02079380489885807 2
1731860582079 0.016465267166495323 3
1731860582717 0.013418050482869148 4
1731860583259 0.01695968210697174 5
1731860583780 0.008835827931761742 6
1731860584551 0.008105854503810406 7
1731860585095 0.008609159849584103 8
1731860585762 0.006956327706575394 9
1731860586284 0.009057744406163692 10
1731860586805 0.008389064110815525 11
1731860587358 0.006831505801528692 12
1731860587892 0.006394337862730026 13
1731860588537 0.006921918597072363 14
1731860589186 0.00527948047965765 15
1731860589743 0.004857772961258888 16
1731860590378 0.004432740155607462 17
1731860590903 0.005067785736173391 18
1731860591421 0.006532077211886644 19
1731860592000 0.00651248125359416 20
1731860592875 0.004219338297843933 21
1731860593616 0.004035544581711292 22
1731860594202 0.0057203094474971294 23
1731860594727 0.003730466589331627 24
1731860595306 0.00363536411896348 25
1731860595833 0.003739513922482729 26
1731860596366 0.003907100763171911 27
1731860597023 0.0036326353438198566 28
1731860597548 0.004172998014837503 29
1731860598124 0.006375641096383333 30
1731860598733 0.0041987039148807526 31
1731860599322 0.0047173467464745045 32
1731860599907 0.003677541855722666 33
1731860600503 0.0032013547606766224 34
1731860601366 0.0031920112669467926 35
1731860601905 0.003039018949493766 36
1731860602519 0.0028424053452908993 37
1731860603268 0.0029767064843326807 38
1731860603891 0.0028020760510116816 39
1731860604489 0.003603402990847826 40
1731860605080 0.002790625672787428 41
1731860605688 0.005547495558857918 42
1731860606272 0.0029986875597387552 43
1731860606975 0.0034499249886721373 44
1731860607564 0.002902706153690815 45
1731860608167 0.005057900212705135 46
1731860608748 0.00388266216032207 47
1731860609379 0.002772532869130373 48
1731860609966 0.003047166159376502 49
