1731879949076 0.028462769463658333 0
1731879950699 0.008664445951581001 1
1731879952388 0.008090033195912838 2
1731879954001 0.004594662692397833 3
1731879955496 0.008209049701690674 4
1731879956936 0.005158699117600918 5
1731879958433 0.0033717642072588205 6
1731879959880 0.004070691764354706 7
1731879961349 0.0035173343494534492 8
1731879963020 0.003959644585847855 9
1731879964469 0.0050307875499129295 10
1731879965931 0.002496137982234359 11
1731879967410 0.004025357775390148 12
1731879969026 0.002006139839068055 13
1731879970509 0.0026545822620391846 14
1731879971958 0.002815517131239176 15
1731879973459 0.003565268125385046 16
1731879974960 0.001986643299460411 17
1731879976739 0.0017310555558651686 18
1731879978247 0.0022584800608456135 19
1731879979733 0.002782221185043454 20
1731879981586 0.00223107123747468 21
1731879983090 0.002563424641266465 22
1731879984580 0.0018436283571645617 23
1731879985978 0.002004361478611827 24
1731879987512 0.0019029219402000308 25
1731879988990 0.002598334802314639 26
1731879990470 0.002295922487974167 27
1731879991964 0.001614756416529417 28
1731879993704 0.0018962087342515588 29
1731879995563 0.0019118520431220531 30
1731879997110 0.001967090182006359 31
1731879998700 0.0021335033234208822 32
1731880000197 0.0020525772124528885 33
1731880001639 0.0021199227776378393 34
1731880003154 0.0017231572419404984 35
1731880004792 0.001983771100640297 36
1731880006245 0.0015615395968779922 37
1731880007748 0.0015961232129484415 38
1731880009220 0.00244898465462029 39
1731880010698 0.0018191925482824445 40
1731880012185 0.0017665242776274681 41
1731880013830 0.0017917786026373506 42
1731880015462 0.0017956364899873734 43
1731880016945 0.0016735150711610913 44
1731880018422 0.0015197572065517306 45
1731880019911 0.001441432861611247 46
1731880021368 0.002040965249761939 47
1731880022875 0.0014213580871000886 48
1731880024375 0.0022394636180251837 49
