1731852840190 0.09412829577922821 0
1731852841142 0.0954851284623146 1
1731852842063 0.07008293271064758 2
1731852842982 0.0646771714091301 3
1731852844523 0.06348774582147598 4
1731852845493 0.059384267777204514 5
1731852846247 0.0508776493370533 6
1731852846877 0.0499088428914547 7
1731852847763 0.04635075479745865 8
1731852848847 0.052717193961143494 9
1731852849525 0.04313527047634125 10
1731852850182 0.03751099482178688 11
1731852851017 0.04420417919754982 12
1731852851582 0.03240799158811569 13
1731852852194 0.02978201024234295 14
1731852852838 0.027951490134000778 15
1731852853387 0.03411044552922249 16
1731852854085 0.02217220515012741 17
1731852854820 0.021580427885055542 18
1731852855823 0.017895828932523727 19
1731852856535 0.015311545692384243 20
1731852857303 0.01321227103471756 21
1731852858191 0.014434278011322021 22
1731852859303 0.011745954863727093 23
1731852859913 0.010829653590917587 24
1731852860675 0.010494055226445198 25
1731852861444 0.011013115756213665 26
1731852861992 0.01007877942174673 27
1731852862528 0.010461104102432728 28
1731852863095 0.009468869306147099 29
1731852863785 0.00967339240014553 30
1731852864706 0.009989618323743343 31
1731852865466 0.009929301217198372 32
1731852866751 0.010055321268737316 33
1731852868011 0.010905556380748749 34
1731852869088 0.009090528823435307 35
1731852869976 0.008717608638107777 36
1731852870835 0.008328225463628769 37
1731852871546 0.007775983307510614 38
1731852872118 0.007675337605178356 39
1731852872663 0.008195273578166962 40
1731852873240 0.007228579372167587 41
1731852873872 0.0075796423479914665 42
1731852874513 0.006746178958564997 43
1731852875191 0.007107339333742857 44
1731852875844 0.008128154091536999 45
1731852876540 0.007002465892583132 46
1731852877131 0.006633774843066931 47
1731852877962 0.006897207349538803 48
1731852878723 0.006024470552802086 49
