1731874533711 0.00969587080180645 0
1731874535006 0.0020122528076171875 1
1731874536407 0.002045875648036599 2
1731874537474 0.0020361654460430145 3
1731874538695 0.0015606095548719168 4
1731874539797 0.001679098466411233 5
1731874540876 0.0014986073365435004 6
1731874541997 0.0014995059464126825 7
1731874543075 0.0018469991628080606 8
1731874544339 0.001690272125415504 9
1731874545413 0.0014082860434427857 10
1731874546526 0.001288551720790565 11
1731874547991 0.0012751620961353183 12
1731874549184 0.0014120099367573857 13
1731874550345 0.0012149251997470856 14
1731874551482 0.001264768186956644 15
1731874552590 0.0012368604075163603 16
1731874553726 0.001184933353215456 17
1731874554847 0.0016146821435540915 18
1731874556056 0.0012886306503787637 19
1731874557150 0.0011529270559549332 20
1731874558462 0.0011278670281171799 21
1731874559726 0.0012575676664710045 22
1731874560825 0.0010103703243657947 23
1731874561939 0.0014442699030041695 24
1731874563032 0.0013967531267553568 25
1731874564138 0.0012660679640248418 26
1731874565251 0.0011052832705900073 27
1731874566355 0.001191175659187138 28
1731874567491 0.001320174429565668 29
1731874568583 0.0010693056974560022 30
1731874569719 0.0014463448897004128 31
1731874571138 0.0011861001839861274 32
1731874572226 0.0010600186651572585 33
1731874573318 0.0010642101988196373 34
1731874574412 0.0011767277028411627 35
1731874575633 0.0009325077990069985 36
1731874576708 0.0010902538197115064 37
1731874577807 0.0009859059937298298 38
1731874578942 0.0009570448892191052 39
1731874580322 0.0010599115630611777 40
1731874581391 0.0010124343680217862 41
1731874582456 0.0009706907439976931 42
1731874583589 0.0009975304128602147 43
1731874584702 0.0011092330096289515 44
1731874585821 0.0010286374017596245 45
1731874587241 0.0008649755036458373 46
1731874588476 0.0009034147951751947 47
1731874590318 0.0010906110983341932 48
1731874591460 0.0010796836577355862 49
