1731866974756 0.08231653273105621 0
1731866975380 0.009650330990552902 1
1731866976030 0.006009319331496954 2
1731866976783 0.003932385239750147 3
1731866977392 0.0023173808585852385 4
1731866977990 0.002067105146124959 5
1731866978594 0.002344632986932993 6
1731866979207 0.002493809210136533 7
1731866979783 0.0020342390052974224 8
1731866980377 0.002394884591922164 9
1731866980969 0.0021299589425325394 10
1731866981696 0.0018119547748938203 11
1731866982317 0.002223268849775195 12
1731866982995 0.0016763154417276382 13
1731866983563 0.001530801528133452 14
1731866984177 0.0033504099119454622 15
1731866984753 0.0028472403064370155 16
1731866985330 0.002444063313305378 17
1731866985917 0.0017161843134090304 18
1731866986501 0.001600699033588171 19
1731866987055 0.0016949641285464168 20
1731866987611 0.0014341071946546435 21
1731866988200 0.0016150899464264512 22
1731866988803 0.0016303014708682895 23
1731866989554 0.0016253498615697026 24
1731866990230 0.002541766269132495 25
1731866990781 0.0017422884702682495 26
1731866991375 0.0020770179107785225 27
1731866991938 0.0015344974817708135 28
1731866992706 0.0014981920830905437 29
1731866993292 0.0013670593034476042 30
1731866993899 0.0017784291412681341 31
1731866994576 0.0016052607679739594 32
1731866995151 0.0014932856429368258 33
1731866995710 0.0020755163859575987 34
1731866996268 0.002482947427779436 35
1731866996824 0.0013910251436755061 36
1731866997406 0.0012551614781841636 37
1731866998088 0.0014091833727434278 38
1731866998775 0.0012379332911223173 39
1731866999333 0.0012063189642503858 40
1731866999895 0.0014053669292479753 41
1731867000738 0.0011876077624037862 42
1731867001312 0.001138755469582975 43
1731867001884 0.00132411636877805 44
1731867002553 0.001294231042265892 45
1731867003136 0.0011850493028759956 46
1731867003707 0.0014663602923974395 47
1731867004292 0.0012399520492181182 48
1731867004891 0.001308979350142181 49
