1731877524889 0.027456974610686302 0
1731877528624 0.004497619345784187 1
1731877531898 0.00593561353161931 2
1731877535370 0.0029595389496535063 3
1731877539026 0.0020500761456787586 4
1731877542186 0.0018340046517550945 5
1731877545377 0.0018518941942602396 6
1731877548609 0.0019068669062107801 7
1731877552127 0.001650002202950418 8
1731877555487 0.0016061823116615415 9
1731877558757 0.0017271002288907766 10
1731877561948 0.001504627289250493 11
1731877565334 0.0014837230555713177 12
1731877568685 0.0014466037973761559 13
1731877571817 0.0013467532116919756 14
1731877575142 0.001210371614433825 15
1731877578790 0.0014294228749349713 16
1731877581970 0.0011583908926695585 17
1731877585187 0.00124754523858428 18
1731877588448 0.0012781110126525164 19
1731877591947 0.0012550456449389458 20
1731877595310 0.0012643939116969705 21
1731877598597 0.0012335452483966947 22
1731877601808 0.001065432676114142 23
1731877605141 0.0019952948205173016 24
1731877608691 0.0014420321676880121 25
1731877611921 0.001269379979930818 26
1731877615111 0.001270522247068584 27
1731877618305 0.0010337167186662555 28
1731877621700 0.0011554473312571645 29
1731877624851 0.0011537200771272182 30
1731877628075 0.0009603648795746267 31
1731877631200 0.0010194288333877921 32
1731877634439 0.0009694534237496555 33
1731877637815 0.0010764695471152663 34
1731877641000 0.0009420214919373393 35
1731877644162 0.0012105329660698771 36
1731877647353 0.0010646737646311522 37
1731877650875 0.001105555915273726 38
1731877654227 0.0010474675800651312 39
1731877657558 0.0011410118313506246 40
1731877660775 0.001099265762604773 41
1731877664183 0.0010481819044798613 42
1731877667306 0.0009288530563935637 43
1731877670677 0.0009984163334593177 44
1731877673987 0.0011110809864476323 45
1731877677370 0.0016365867340937257 46
1731877680597 0.0010704896412789822 47
1731877683793 0.0010639209067448974 48
1731877686916 0.0012421326246112585 49
