1731861505232 0.05633402615785599 0
1731861507659 0.009342684410512447 1
1731861508323 0.009616956114768982 2
1731861508870 0.011308412998914719 3
1731861509414 0.005437096580862999 4
1731861510099 0.0056820036843419075 5
1731861510645 0.003926466219127178 6
1731861511295 0.0037214464973658323 7
1731861511851 0.003163462970405817 8
1731861512659 0.0033253647852689028 9
1731861513336 0.003477377351373434 10
1731861514011 0.0031981393694877625 11
1731861514547 0.002739831106737256 12
1731861515127 0.004625316709280014 13
1731861515660 0.0030283962842077017 14
1731861516202 0.0035216796677559614 15
1731861516737 0.0025336339604109526 16
1731861517302 0.0023907057475298643 17
1731861517845 0.002645251341164112 18
1731861518393 0.00523094879463315 19
1731861518944 0.002601568354293704 20
1731861519510 0.002555249724537134 21
1731861520324 0.0022551666479557753 22
1731861520880 0.0022909261751919985 23
1731861521428 0.007599550299346447 24
1731861521998 0.003247060114517808 25
1731861522662 0.002006166148930788 26
1731861523209 0.001930218655616045 27
1731861523767 0.002071096794679761 28
1731861524314 0.0020714702550321817 29
1731861524959 0.0019718394614756107 30
1731861525511 0.0019242000998929143 31
1731861526065 0.0017598021076992154 32
1731861526635 0.001909451326355338 33
1731861527186 0.0019970776047557592 34
1731861527730 0.0017008333234116435 35
1731861528285 0.0017102932324633002 36
1731861528853 0.001626911573112011 37
1731861529404 0.0015568231465294957 38
1731861529951 0.0016659568063914776 39
1731861530632 0.001815688330680132 40
1731861531321 0.0018483600579202175 41
1731861531873 0.002022281289100647 42
1731861532418 0.0016829725354909897 43
1731861532965 0.0016810082597658038 44
1731861533542 0.003953181207180023 45
1731861534204 0.0025924008805304766 46
1731861534762 0.0019314215751364827 47
1731861535304 0.0016241505509242415 48
1731861536002 0.0014747354434803128 49
