1731809391456 0.16459332406520844 0
1731809392167 0.16459329426288605 1
1731809392740 0.16459329426288605 2
1731809393283 0.16459329426288605 3
1731809393856 0.16459324955940247 4
1731809394431 0.16459330916404724 5
1731809395032 0.16459332406520844 6
1731809395634 0.16459326446056366 7
1731809396535 0.16459329426288605 8
1731809397238 0.16459327936172485 9
1731809397794 0.16459329426288605 10
1731809398366 0.16459327936172485 11
1731809398933 0.16459329426288605 12
1731809399548 0.16459330916404724 13
1731809400116 0.16459324955940247 14
1731809400677 0.16459330916404724 15
1731809401271 0.16459332406520844 16
1731809401866 0.16459330916404724 17
1731809402414 0.16459329426288605 18
1731809402981 0.16459327936172485 19
1731809403538 0.16459327936172485 20
1731809404139 0.16459327936172485 21
1731809404676 0.16459329426288605 22
1731809405212 0.16459323465824127 23
1731809405774 0.16459332406520844 24
1731809406345 0.16459327936172485 25
1731809407081 0.16459330916404724 26
1731809407633 0.16459330916404724 27
1731809408224 0.16459326446056366 28
1731809408812 0.16459329426288605 29
1731809409352 0.16459327936172485 30
1731809409920 0.16459324955940247 31
1731809410468 0.16459326446056366 32
1731809411070 0.16459332406520844 33
1731809411642 0.16459326446056366 34
1731809412195 0.16459326446056366 35
1731809412755 0.16459330916404724 36
1731809413331 0.16459326446056366 37
1731809413948 0.16459326446056366 38
1731809414552 0.16459327936172485 39
1731809415152 0.16459326446056366 40
1731809415780 0.16459332406520844 41
1731809416338 0.16459330916404724 42
1731809417156 0.16459327936172485 43
1731809417710 0.16459330916404724 44
1731809418281 0.16459332406520844 45
1731809418869 0.16459333896636963 46
1731809419521 0.16459333896636963 47
1731809420360 0.16459329426288605 48
1731809420982 0.16459329426288605 49
1731809421572 0.16459326446056366 50
1731809422172 0.16459327936172485 51
1731809422792 0.16459329426288605 52
1731809423382 0.16459326446056366 53
1731809423939 0.16459329426288605 54
1731809424483 0.16459324955940247 55
1731809425080 0.16459327936172485 56
1731809425632 0.16459330916404724 57
1731809426230 0.16459332406520844 58
1731809426787 0.16459330916404724 59
1731809427378 0.16459327936172485 60
1731809428120 0.16459330916404724 61
1731809428662 0.16459329426288605 62
1731809429226 0.16459330916404724 63
1731809429802 0.16459327936172485 64
1731809430362 0.16459326446056366 65
1731809430916 0.16459327936172485 66
1731809431484 0.16459330916404724 67
1731809432084 0.16459326446056366 68
1731809432629 0.16459330916404724 69
1731809433241 0.16459332406520844 70
1731809433895 0.16459324955940247 71
1731809434583 0.16459329426288605 72
1731809435159 0.16459326446056366 73
1731809435731 0.16459332406520844 74
1731809436565 0.16459326446056366 75
1731809437159 0.16459329426288605 76
1731809437726 0.16459327936172485 77
1731809438321 0.16459324955940247 78
1731809438949 0.16459333896636963 79
1731809439711 0.16459327936172485 80
1731809440437 0.16459332406520844 81
1731809441036 0.16459330916404724 82
1731809441639 0.16459330916404724 83
1731809442199 0.16459324955940247 84
1731809442739 0.16459329426288605 85
1731809443473 0.16459323465824127 86
1731809444026 0.16459329426288605 87
1731809444561 0.16459326446056366 88
1731809445108 0.16459330916404724 89
1731809445649 0.16459332406520844 90
1731809446232 0.16459329426288605 91
1731809446770 0.16459326446056366 92
1731809447398 0.16459327936172485 93
1731809448057 0.16459324955940247 94
1731809448739 0.16459327936172485 95
1731809449456 0.16459333896636963 96
1731809450292 0.16459324955940247 97
1731809450956 0.16459329426288605 98
1731809451494 0.16459329426288605 99
