1731858665218 0.12041328847408295 0
1731858665807 0.023585528135299683 1
1731858666286 0.016610588878393173 2
1731858666879 0.00586106488481164 3
1731858667355 0.005187467206269503 4
1731858668038 0.003511965274810791 5
1731858668604 0.003604763187468052 6
1731858669106 0.0032121939584612846 7
1731858669585 0.0029556083027273417 8
1731858670063 0.00256282277405262 9
1731858670636 0.0023507331497967243 10
1731858671133 0.002306676236912608 11
1731858671615 0.0024310254957526922 12
1731858672182 0.0021603135392069817 13
1731858672764 0.002175216330215335 14
1731858673247 0.0020265094935894012 15
1731858673750 0.0018889452330768108 16
1731858674228 0.0020752535201609135 17
1731858674708 0.002134789014235139 18
1731858675187 0.002217840403318405 19
1731858675691 0.0019164544064551592 20
1731858676258 0.0018469556234776974 21
1731858676736 0.0020034804474562407 22
1731858677216 0.0020255260169506073 23
1731858677690 0.0017423935933038592 24
1731858678281 0.001975158927962184 25
1731858678870 0.0017278725281357765 26
1731858679351 0.001896354486234486 27
1731858679832 0.0018766081193462014 28
1731858680335 0.0016837159637361765 29
1731858680824 0.001983457012102008 30
1731858681309 0.0019362469902262092 31
1731858681788 0.0017270493553951383 32
1731858682489 0.0015355715295299888 33
1731858682976 0.0021547446958720684 34
1731858683451 0.0026391930878162384 35
1731858683927 0.0016946454998105764 36
1731858684403 0.0016228451859205961 37
1731858684909 0.0017444109544157982 38
1731858685390 0.0016220369143411517 39
1731858685870 0.0022126829717308283 40
1731858686339 0.0017485314747318625 41
1731858686915 0.0014151132199913263 42
1731858687413 0.0018900614231824875 43
1731858687887 0.0019312967779114842 44
1731858688367 0.0014680952299386263 45
1731858688843 0.0016009503742679954 46
1731858689345 0.0020988767500966787 47
1731858689825 0.0016089975833892822 48
1731858690568 0.001518280478194356 49
