1731883634655 0.04477652162313461 0
1731883635092 0.01565893366932869 1
1731883635526 0.010258478112518787 2
1731883635970 0.009643531404435635 3
1731883636646 0.008052205666899681 4
1731883637002 0.007769497577100992 5
1731883637500 0.007566588930785656 6
1731883637864 0.0076264915987849236 7
1731883638173 0.005973015446215868 8
1731883638610 0.006053413730114698 9
1731883638940 0.0055679925717413425 10
1731883639251 0.004878607578575611 11
1731883639552 0.006281103938817978 12
1731883639852 0.004566717427223921 13
1731883640151 0.0052838739939033985 14
1731883640448 0.004634763579815626 15
1731883640749 0.004211789928376675 16
1731883641048 0.003523079911246896 17
1731883641372 0.005089789163321257 18
1731883641805 0.0035945014096796513 19
1731883642108 0.005045538768172264 20
1731883642406 0.0031069994438439608 21
1731883642703 0.004733225796371698 22
1731883643325 0.0030989355873316526 23
1731883643651 0.003975893836468458 24
1731883643958 0.0031562959775328636 25
1731883644262 0.0032957822550088167 26
1731883644705 0.0035875190515071154 27
1731883645001 0.0034156697802245617 28
1731883645307 0.0024133524857461452 29
1731883645605 0.003377981949597597 30
1731883645928 0.003354618325829506 31
1731883646234 0.0026210511568933725 32
1731883646549 0.00359336007386446 33
1731883646893 0.0024956942070275545 34
1731883647219 0.0029697553254663944 35
1731883647526 0.0020078725647181273 36
1731883647851 0.0023687405046075583 37
1731883648173 0.002838953398168087 38
1731883648614 0.0024862666614353657 39
1731883648913 0.0031470393296331167 40
1731883649217 0.0022055720910429955 41
1731883649513 0.0028601260855793953 42
1731883649816 0.0021799709647893906 43
1731883650115 0.0027981139719486237 44
1731883650739 0.0024109017103910446 45
1731883651055 0.002289514522999525 46
1731883651366 0.0029164960142225027 47
1731883651671 0.0017932680202648044 48
1731883651967 0.0024968450888991356 49
