1731851286850 0.16721823811531067 0
1731851287627 0.1672181934118271 1
1731851288248 0.16721820831298828 2
1731851288859 0.1672181934118271 3
1731851289385 0.16721822321414948 4
1731851289916 0.16721820831298828 5
1731851290508 0.16721820831298828 6
1731851291193 0.16721822321414948 7
1731851291843 0.1672181934118271 8
1731851292411 0.1672181934118271 9
1731851292974 0.16721820831298828 10
1731851293682 0.1672181636095047 11
1731851294415 0.16721822321414948 12
1731851294941 0.16721820831298828 13
1731851295650 0.1672181934118271 14
1731851296200 0.16721820831298828 15
1731851296810 0.16721820831298828 16
1731851297456 0.1672181934118271 17
1731851298092 0.1672181934118271 18
1731851298733 0.16721820831298828 19
1731851299410 0.1672181934118271 20
1731851300105 0.16721820831298828 21
1731851300796 0.16721820831298828 22
1731851301581 0.16721820831298828 23
1731851302151 0.16721820831298828 24
1731851302761 0.1672181934118271 25
1731851303377 0.1672181785106659 26
1731851303958 0.1672181934118271 27
1731851304607 0.1672181934118271 28
1731851305284 0.1672181934118271 29
1731851305857 0.1672181785106659 30
1731851306895 0.16721820831298828 31
1731851307553 0.16721822321414948 32
1731851308202 0.1672181934118271 33
1731851308869 0.16721820831298828 34
1731851309518 0.1672181934118271 35
1731851310120 0.16721822321414948 36
1731851310815 0.1672181934118271 37
1731851311426 0.16721820831298828 38
1731851312128 0.16721822321414948 39
1731851312808 0.1672181934118271 40
1731851313446 0.16721820831298828 41
1731851313982 0.16721823811531067 42
1731851314589 0.1672181785106659 43
1731851315208 0.16721822321414948 44
1731851316025 0.16721822321414948 45
1731851316642 0.16721820831298828 46
1731851317228 0.16721822321414948 47
1731851317840 0.16721820831298828 48
1731851318524 0.1672181934118271 49
