1731878369733 0.02207866683602333 0
1731878370852 0.008964108303189278 1
1731878371989 0.005956905893981457 2
1731878373197 0.004740533418953419 3
1731878374566 0.004552604164928198 4
1731878375696 0.0028474917635321617 5
1731878376735 0.00401987275108695 6
1731878377750 0.003714214311912656 7
1731878378795 0.0027748371940106153 8
1731878379816 0.0025414132978767157 9
1731878380853 0.0024113249965012074 10
1731878381858 0.0027355339843779802 11
1731878383006 0.0021754468325525522 12
1731878384037 0.0027570866513997316 13
1731878385045 0.0021921468432992697 14
1731878386228 0.002105229301378131 15
1731878387232 0.002175423549488187 16
1731878388368 0.002439276548102498 17
1731878389370 0.0020352457650005817 18
1731878390449 0.0020476907957345247 19
1731878391529 0.0019379931036382914 20
1731878392605 0.001816461095586419 21
1731878393617 0.0017765059601515532 22
1731878394668 0.0017779672052711248 23
1731878395696 0.0019170293817296624 24
1731878396706 0.0015756324864923954 25
1731878397881 0.0015990858664736152 26
1731878398899 0.001849362743087113 27
1731878399942 0.0014958456158638 28
1731878400987 0.0018779870588332415 29
1731878402058 0.0017259676242247224 30
1731878403077 0.0015130817191675305 31
1731878404121 0.0016830209642648697 32
1731878405137 0.0016439250903204083 33
1731878406276 0.0015044808387756348 34
1731878407331 0.001495117205195129 35
1731878408407 0.0016343352617695928 36
1731878409587 0.0015570365358144045 37
1731878410630 0.001651387894526124 38
1731878411641 0.0015149294631555676 39
1731878412825 0.0015539884334430099 40
1731878414345 0.0015347555745393038 41
1731878415690 0.0013415334979072213 42
1731878416706 0.0015767804579809308 43
1731878417748 0.001596661051735282 44
1731878418839 0.001503034494817257 45
1731878419899 0.0013905605301260948 46
1731878421274 0.0014730634866282344 47
1731878422629 0.0013953143497928977 48
1731878423661 0.0014306347584351897 49
