1731883672867 0.04099112004041672 0
1731883673724 0.020028114318847656 1
1731883674348 0.012380620464682579 2
1731883674957 0.006468829698860645 3
1731883675384 0.007982495240867138 4
1731883675807 0.008392946794629097 5
1731883676527 0.0045672752894461155 6
1731883676990 0.007844898849725723 7
1731883677414 0.005125331226736307 8
1731883677833 0.004816472064703703 9
1731883678250 0.005546904169023037 10
1731883678675 0.003937278408557177 11
1731883679119 0.0047786422073841095 12
1731883679548 0.0034466455690562725 13
1731883679975 0.004870975855737925 14
1731883680532 0.0035448442213237286 15
1731883681111 0.0031872503459453583 16
1731883681542 0.0036700177006423473 17
1731883681956 0.0030187228694558144 18
1731883682373 0.00401589460670948 19
1731883682794 0.0022854842245578766 20
1731883683221 0.0032517805229872465 21
1731883683665 0.004252466838806868 22
1731883684095 0.0031809827778488398 23
1731883684522 0.003571704961359501 24
1731883684937 0.0039058004040271044 25
1731883685357 0.0022498236503452063 26
1731883685801 0.002735065296292305 27
1731883686543 0.0026388077531009912 28
1731883686985 0.00255316193215549 29
1731883687416 0.002742082579061389 30
1731883687838 0.0027412082999944687 31
1731883688284 0.0027784269768744707 32
1731883688836 0.0031080276239663363 33
1731883689262 0.0018808188615366817 34
1731883689684 0.0028096321038901806 35
1731883690108 0.0022349809296429157 36
1731883690550 0.003161004278808832 37
1731883690987 0.0020729086827486753 38
1731883691556 0.0021865805611014366 39
1731883692000 0.0021134743001312017 40
1731883692770 0.0022878784220665693 41
1731883693332 0.002645011991262436 42
1731883693751 0.0019171078456565738 43
1731883694174 0.00226964196190238 44
1731883694605 0.0033566125202924013 45
1731883695048 0.0017494391649961472 46
1731883695475 0.0019179732771590352 47
1731883696040 0.002022901549935341 48
1731883696464 0.0021588511299341917 49
