1731881537674 0.08604112267494202 0
1731881538036 0.014019588939845562 1
1731881538383 0.009377464652061462 2
1731881538608 0.004493379034101963 3
1731881538852 0.004029938485473394 4
1731881539092 0.005594782065600157 5
1731881539473 0.003331954823806882 6
1731881539731 0.00284748338162899 7
1731881540078 0.0026482786051928997 8
1731881540330 0.0023986496962606907 9
1731881540567 0.002223258139565587 10
1731881540949 0.0022778031416237354 11
1731881541259 0.002269183285534382 12
1731881541495 0.002358566038310528 13
1731881541761 0.0021836429368704557 14
1731881542003 0.0025871219113469124 15
1731881542249 0.0022892996203154325 16
1731881542486 0.002004239009693265 17
1731881542997 0.0018213633447885513 18
1731881543240 0.001992132281884551 19
1731881543491 0.002038700971752405 20
1731881543742 0.0017558216350153089 21
1731881544012 0.0020276601426303387 22
1731881544373 0.0017943226266652346 23
1731881544739 0.0018449582858011127 24
1731881544983 0.0017656446434557438 25
1731881545225 0.0018054191023111343 26
1731881545579 0.0016045876545831561 27
1731881545826 0.0016753914533182979 28
1731881546406 0.001856912742368877 29
1731881546656 0.0025535153690725565 30
1731881546899 0.0014875384513288736 31
1731881547143 0.0016156738856807351 32
1731881547524 0.001545499311760068 33
1731881547776 0.0017152274958789349 34
1731881548023 0.0015579136088490486 35
1731881548306 0.001480403239838779 36
1731881548563 0.0022425311617553234 37
1731881548935 0.0015613563591614366 38
1731881549300 0.001390704303048551 39
1731881549539 0.0014976084930822253 40
1731881549790 0.0014903235714882612 41
1731881550033 0.0016760191647335887 42
1731881550278 0.0014135183300822973 43
1731881550521 0.0018537627765908837 44
1731881550754 0.0015872890362516046 45
1731881551027 0.0015807549934834242 46
1731881551384 0.001500323531217873 47
1731881551629 0.001487222732976079 48
1731881551872 0.0014260847819969058 49
