1731878814326 0.03368597477674484 0
1731878814898 0.0032608381006866693 1
1731878815333 0.001959640998393297 2
1731878815897 0.00184001459274441 3
1731878816354 0.0018451281357556581 4
1731878816802 0.001687450334429741 5
1731878817236 0.002090807305648923 6
1731878817671 0.001734732068143785 7
1731878818227 0.0013751969672739506 8
1731878818690 0.0015656504547223449 9
1731878819130 0.001536212395876646 10
1731878819592 0.0013608376029878855 11
1731878820044 0.0014265259960666299 12
1731878820474 0.0012634526938199997 13
1731878820937 0.0015138591406866908 14
1731878821499 0.001251842244528234 15
1731878821943 0.0012640951899811625 16
1731878822672 0.0012174210278317332 17
1731878823252 0.001246027648448944 18
1731878823703 0.0011875551426783204 19
1731878824144 0.004272358492016792 20
1731878824581 0.001064924756065011 21
1731878825021 0.001158987870439887 22
1731878825486 0.0012557189911603928 23
1731878825928 0.0011769348056986928 24
1731878826364 0.0015663346275687218 25
1731878826941 0.001271848101168871 26
1731878827386 0.0013039493933320045 27
1731878827860 0.0010753782698884606 28
1731878828306 0.0011482309782877564 29
1731878828749 0.0015137828886508942 30
1731878829190 0.0014050210593268275 31
1731878829634 0.0015372734051197767 32
1731878830097 0.0012632157886400819 33
1731878830542 0.0013677232200279832 34
1731878831273 0.0011461004614830017 35
1731878831711 0.0010649648029357195 36
1731878832158 0.0010369212832301855 37
1731878832621 0.0014345420058816671 38
1731878833061 0.0014723711647093296 39
1731878833502 0.0015529332449659705 40
1731878833942 0.0010550495935603976 41
1731878834384 0.0010353225516155362 42
1731878834871 0.0011626211926341057 43
1731878835316 0.0011484132846817374 44
1731878835754 0.0009716041386127472 45
1731878836310 0.0010949003044515848 46
1731878836756 0.0010018364991992712 47
1731878837217 0.0011253980919718742 48
1731878837659 0.0010530148865655065 49
