1731857950766 0.04496872052550316 0
1731857951508 0.015773123130202293 1
1731857952255 0.00877281092107296 2
1731857952851 0.007474762387573719 3
1731857953647 0.005882774479687214 4
1731857954301 0.005931836552917957 5
1731857954997 0.007289572153240442 6
1731857955970 0.004548212513327599 7
1731857956587 0.004419971723109484 8
1731857957286 0.0052642724476754665 9
1731857958103 0.006007612217217684 10
1731857958988 0.004106868524104357 11
1731857959585 0.00414323341101408 12
1731857960278 0.0035848082043230534 13
1731857960894 0.004087727051228285 14
1731857961651 0.003717866027727723 15
1731857962327 0.004607471637427807 16
1731857962944 0.005648756865411997 17
1731857963533 0.003567386418581009 18
1731857964115 0.003280822653323412 19
1731857964762 0.003655907930806279 20
1731857965344 0.003077518893405795 21
1731857966317 0.0037975453305989504 22
1731857967013 0.0034171277657151222 23
1731857967703 0.0030540218576788902 24
1731857968279 0.002900190418586135 25
1731857968856 0.0030575653072446585 26
1731857969421 0.003234934527426958 27
1731857969969 0.002910102717578411 28
1731857970682 0.0029923839028924704 29
1731857971306 0.0030461307615041733 30
1731857971871 0.0027041342109441757 31
1731857972681 0.002624403452500701 32
1731857973481 0.004973794799298048 33
1731857974240 0.006246581207960844 34
1731857974797 0.008318868465721607 35
1731857975364 0.004858165513724089 36
1731857975932 0.003378531662747264 37
1731857976532 0.0029325459618121386 38
1731857977083 0.0027975679840892553 39
1731857977692 0.0025743795558810234 40
1731857978285 0.002542628441005945 41
1731857978840 0.0026497594080865383 42
1731857979420 0.0024743368849158287 43
1731857979977 0.002508312463760376 44
1731857980615 0.0029375371523201466 45
1731857981193 0.0024223036598414183 46
1731857981862 0.0026795072481036186 47
1731857982419 0.0036318909842520952 48
1731857982984 0.0025607063435018063 49
