1731868134815 0.06574054062366486 0
1731868135637 0.022514382377266884 1
1731868136425 0.009959188289940357 2
1731868137269 0.006217712536454201 3
1731868138225 0.007647907827049494 4
1731868138934 0.005039826966822147 5
1731868139693 0.004378948360681534 6
1731868140253 0.004049592651426792 7
1731868140931 0.0038225739262998104 8
1731868141680 0.004077207297086716 9
1731868142623 0.003559953300282359 10
1731868143342 0.0035143743734806776 11
1731868143990 0.0036489430349320173 12
1731868144772 0.0034950128756463528 13
1731868145350 0.00302967824973166 14
1731868146269 0.002569166012108326 15
1731868146940 0.0029688833747059107 16
1731868147609 0.0028503560461103916 17
1731868148219 0.0029287380166351795 18
1731868148922 0.0029386295937001705 19
1731868149666 0.0023742851335555315 20
1731868150249 0.00226067123003304 21
1731868150774 0.0027383582200855017 22
1731868151343 0.0021765464916825294 23
1731868151908 0.0023472600150853395 24
1731868152879 0.0022708948235958815 25
1731868153590 0.003698390908539295 26
1731868154350 0.005492074880748987 27
1731868154905 0.0032953033223748207 28
1731868155491 0.0023779221810400486 29
1731868156033 0.0022977269254624844 30
1731868156707 0.0019752823282033205 31
1731868157316 0.0020707498770207167 32
1731868157915 0.002000893233343959 33
1731868158536 0.0020715275313705206 34
1731868159205 0.0020209969952702522 35
1731868159850 0.0019281513523310423 36
1731868160405 0.001849900814704597 37
1731868161077 0.0016943169757723808 38
1731868161613 0.002196283545345068 39
1731868162185 0.0019206043798476458 40
1731868162719 0.002103918232023716 41
1731868163304 0.001687288167886436 42
1731868163834 0.0017036546487361193 43
1731868164392 0.001796333584934473 44
1731868165113 0.0019564395770430565 45
1731868165692 0.002412207191810012 46
1731868166234 0.0021642062347382307 47
1731868166779 0.0018402300775051117 48
1731868167338 0.001677455147728324 49
