1731892401941 0.16712316870689392 0
1731892403273 0.16616523265838623 1
1731892404442 0.16592678427696228 2
1731892405578 0.16589224338531494 3
1731892406757 0.16588884592056274 4
1731892407902 0.16588863730430603 5
1731892408946 0.16588862240314484 6
1731892409974 0.13637754321098328 7
1731892411363 0.05190827697515488 8
1731892412797 0.025094738230109215 9
1731892414099 0.0066617680713534355 10
1731892415188 0.013966204598546028 11
1731892416271 0.004188142716884613 12
1731892417317 0.0033376675564795732 13
1731892418507 0.0027731326408684254 14
1731892419670 0.0032251349184662104 15
1731892420719 0.0021156042348593473 16
1731892421775 0.0029579163528978825 17
1731892422966 0.0021206801757216454 18
1731892424014 0.0015556755242869258 19
1731892425285 0.0016515987226739526 20
1731892426374 0.0016773442039266229 21
1731892427655 0.0016632633050903678 22
1731892428686 0.0014656182611361146 23
1731892429714 0.0014388185227289796 24
1731892430793 0.001429266412742436 25
1731892431850 0.0018576086731627584 26
1731892432906 0.0018708875868469477 27
1731892434688 0.0015355459181591868 28
1731892435728 0.0018434352241456509 29
1731892436792 0.001379017485305667 30
1731892438018 0.0018492182716727257 31
1731892439062 0.0014289746759459376 32
1731892440170 0.0016798668075352907 33
1731892441211 0.0016147639835253358 34
1731892442280 0.001455988036468625 35
1731892443392 0.001306404359638691 36
1731892444579 0.0014454692136496305 37
1731892445635 0.0013520373031497002 38
1731892447139 0.0013393498957157135 39
1731892448167 0.0014911784091964364 40
1731892449238 0.0014364433009177446 41
1731892450447 0.001535927876830101 42
1731892451510 0.0014359746128320694 43
1731892452577 0.0014158707344904542 44
1731892453657 0.001303890603594482 45
1731892454734 0.0013017448363825679 46
1731892455975 0.0013294058153405786 47
1731892457034 0.001326490892097354 48
1731892458069 0.0016800883458927274 49
