1731858889702 0.18033427000045776 0
1731858890319 0.17195944488048553 1
1731858890900 0.1687404066324234 2
1731858891490 0.16764259338378906 3
1731858892077 0.16732117533683777 4
1731858892822 0.05130062624812126 5
1731858893411 0.016048938035964966 6
1731858893989 0.007621670141816139 7
1731858894475 0.006695346906781197 8
1731858895076 0.0035415098536759615 9
1731858895569 0.0039868731983006 10
1731858896151 0.0027132751420140266 11
1731858896638 0.0024562294129282236 12
1731858897128 0.0023550502955913544 13
1731858897634 0.0025894404388964176 14
1731858898122 0.0023842016234993935 15
1731858898606 0.002400491153821349 16
1731858899094 0.0024654483422636986 17
1731858899626 0.011707363650202751 18
1731858900122 0.003657630179077387 19
1731858900609 0.00278411409817636 20
1731858901095 0.002276373328641057 21
1731858901580 0.00236125779338181 22
1731858902087 0.002465135185047984 23
1731858902573 0.0025891000404953957 24
1731858903060 0.002604396315291524 25
1731858903696 0.0022696484811604023 26
1731858904306 0.002100902609527111 27
1731858904792 0.002140345051884651 28
1731858905287 0.0024760602973401546 29
1731858905869 0.002523190574720502 30
1731858906484 0.0034675446804612875 31
1731858906985 0.0030487836338579655 32
1731858907475 0.002282964065670967 33
1731858907960 0.0025332693476229906 34
1731858908449 0.003287467872723937 35
1731858908959 0.0027749184519052505 36
1731858909454 0.0024758081417530775 37
1731858909940 0.0023153782822191715 38
1731858910426 0.003240069840103388 39
1731858910927 0.002149989828467369 40
1731858911414 0.0019962198566645384 41
1731858911900 0.002102768514305353 42
1731858912386 0.0019850414246320724 43
1731858912869 0.0025157243944704533 44
1731858913386 0.0022187118884176016 45
1731858913874 0.002733425470069051 46
1731858914349 0.00198141997680068 47
1731858914966 0.001891736639663577 48
1731858915473 0.0017634709365665913 49
