1731859119307 0.19623801112174988 0
1731859120035 0.08166216313838959 1
1731859120684 0.03943486139178276 2
1731859121381 0.021977126598358154 3
1731859121990 0.016705572605133057 4
1731859122482 0.012938696891069412 5
1731859122972 0.009054354391992092 6
1731859123485 0.00809665396809578 7
1731859124082 0.008713950403034687 8
1731859124679 0.011033727787435055 9
1731859125265 0.007544075604528189 10
1731859125779 0.006340026389807463 11
1731859126256 0.00647894898429513 12
1731859126744 0.007527690846472979 13
1731859127229 0.019115563482046127 14
1731859127717 0.007738640997558832 15
1731859128313 0.006081339903175831 16
1731859128802 0.00648512551560998 17
1731859129388 0.01132801454514265 18
1731859129978 0.006135954521596432 19
1731859130483 0.005212741903960705 20
1731859130969 0.006161992438137531 21
1731859131455 0.0053387596271932125 22
1731859131939 0.005263628903776407 23
1731859132426 0.01004018820822239 24
1731859132938 0.019528403878211975 25
1731859133435 0.005932381376624107 26
1731859133915 0.005397386848926544 27
1731859134397 0.004822314251214266 28
1731859134996 0.006733792833983898 29
1731859135484 0.006172811146825552 30
1731859136066 0.005147784017026424 31
1731859136551 0.004144967067986727 32
1731859137043 0.004604841582477093 33
1731859137549 0.004120808560401201 34
1731859138037 0.005921702366322279 35
1731859138518 0.007599202450364828 36
1731859139132 0.00495926383882761 37
1731859139616 0.005962186027318239 38
1731859140100 0.006678856443613768 39
1731859140581 0.00411963788792491 40
1731859141061 0.004868952091783285 41
1731859141555 0.0062652453780174255 42
1731859142066 0.005786873400211334 43
1731859142549 0.004355981945991516 44
1731859143038 0.005382214207202196 45
1731859143523 0.008476002141833305 46
1731859144019 0.006556037347763777 47
1731859144509 0.0046120318584144115 48
1731859144997 0.004299400374293327 49
