1731860633189 0.4639449417591095 0
1731860633834 0.19303983449935913 1
1731860634588 0.10200953483581543 2
1731860635247 0.044089771807193756 3
1731860635884 0.029799731448292732 4
1731860636524 0.026979850605130196 5
1731860637330 0.015038023702800274 6
1731860637857 0.015056089498102665 7
1731860638495 0.013097621500492096 8
1731860639011 0.011017058975994587 9
1731860639549 0.0769258514046669 10
1731860640077 0.06611029803752899 11
1731860640593 0.04174678027629852 12
1731860641108 0.03352402150630951 13
1731860641614 0.021890416741371155 14
1731860642144 0.012429819442331791 15
1731860642658 0.012197657488286495 16
1731860643171 0.010126150213181973 17
1731860643691 0.009344816207885742 18
1731860644234 0.010529601015150547 19
1731860644757 0.010199401527643204 20
1731860645273 0.015418698079884052 21
1731860645903 0.00866507925093174 22
1731860646447 0.008056672289967537 23
1731860646964 0.007796328514814377 24
1731860647486 0.007149807643145323 25
1731860647999 0.008521579205989838 26
1731860648825 0.008496995083987713 27
1731860649339 0.008590370416641235 28
1731860649853 0.012529522180557251 29
1731860650372 0.00735731516033411 30
1731860650906 0.00610304856672883 31
1731860651419 0.006028555799275637 32
1731860651935 0.007463226560503244 33
1731860652575 0.005564536899328232 34
1731860653108 0.006273317150771618 35
1731860653642 0.00537002133205533 36
1731860654155 0.006048773415386677 37
1731860654671 0.00578298419713974 38
1731860655186 0.0060132029466331005 39
1731860655720 0.005510341376066208 40
1731860656233 0.005637414753437042 41
1731860656751 0.004887007642537355 42
1731860657266 0.008472326211631298 43
1731860657805 0.00910726748406887 44
1731860658328 0.007922056131064892 45
1731860658839 0.0067692045122385025 46
1731860659357 0.006681457161903381 47
1731860660164 0.006397757679224014 48
1731860660690 0.004858605097979307 49
