1731880045727 0.07170350104570389 0
1731880046106 0.020340966060757637 1
1731880046521 0.0059057543985545635 2
1731880046913 0.005101069808006287 3
1731880047154 0.004654233809560537 4
1731880047387 0.004360130988061428 5
1731880047727 0.0036877673119306564 6
1731880047964 0.004016174003481865 7
1731880048311 0.0034411619417369366 8
1731880048650 0.0033592821564525366 9
1731880048908 0.003169321222230792 10
1731880049148 0.003122697351500392 11
1731880049378 0.002936270320788026 12
1731880049880 0.002716660965234041 13
1731880050121 0.002825755625963211 14
1731880050498 0.0027104958426207304 15
1731880050734 0.0023728737141937017 16
1731880050966 0.0024685596581548452 17
1731880051228 0.002456583082675934 18
1731880051581 0.002381052589043975 19
1731880051817 0.0024141897447407246 20
1731880052051 0.0021818687673658133 21
1731880052285 0.0021484969183802605 22
1731880053016 0.0021002348512411118 23
1731880053316 0.0021054467651993036 24
1731880053621 0.0020128011237829924 25
1731880053922 0.0020895032212138176 26
1731880054231 0.002065841108560562 27
1731880054525 0.002204220974817872 28
1731880054769 0.0020282871555536985 29
1731880055114 0.002288962947204709 30
1731880055348 0.0019725935999304056 31
1731880055585 0.0021475853864103556 32
1731880055861 0.0019998187199234962 33
1731880056103 0.001640961621887982 34
1731880056334 0.0016861377516761422 35
1731880056563 0.0016150615410879254 36
1731880056795 0.0017359554767608643 37
1731880057280 0.0017141697462648153 38
1731880057515 0.0016499501653015614 39
1731880057749 0.001527202664874494 40
1731880058001 0.0016477972967550159 41
1731880058246 0.0014930089237168431 42
1731880058481 0.0014170886715874076 43
1731880058714 0.0016105006216093898 44
1731880058945 0.0015309463487938046 45
1731880059178 0.0015022822190076113 46
1731880059411 0.0016811616951599717 47
1731880059645 0.0015288577415049076 48
1731880059878 0.0022496080491691828 49
