1731869346531 0.112763911485672 0
1731869347273 0.010951528325676918 1
1731869347916 0.013657924719154835 2
1731869348605 0.005051726475358009 3
1731869349141 0.00409945473074913 4
1731869349679 0.0054185641929507256 5
1731869350312 0.003359969239681959 6
1731869350879 0.006965412758290768 7
1731869351557 0.0035876997280865908 8
1731869352200 0.0031224414706230164 9
1731869352737 0.0029250949155539274 10
1731869353290 0.002940545557066798 11
1731869353834 0.002418158808723092 12
1731869354396 0.0028274713549762964 13
1731869354930 0.0025448936503380537 14
1731869355589 0.001978687709197402 15
1731869356136 0.0023403861559927464 16
1731869356662 0.002062954707071185 17
1731869357301 0.0023075295612215996 18
1731869357874 0.0020891830790787935 19
1731869358410 0.002906215377151966 20
1731869358953 0.004133656155318022 21
1731869359528 0.0032523914705961943 22
1731869360199 0.0022429663222283125 23
1731869360736 0.002050430979579687 24
1731869361440 0.0019233808852732182 25
1731869362082 0.0017200036672875285 26
1731869362749 0.0017941402038559318 27
1731869363289 0.0017775371670722961 28
1731869363827 0.0017675254493951797 29
1731869364398 0.0015873556258156896 30
1731869364980 0.001392842154018581 31
1731869365520 0.001503853825852275 32
1731869366169 0.0015655683819204569 33
1731869366761 0.0016384875634685159 34
1731869367294 0.0014982168795540929 35
1731869367938 0.0017502300906926394 36
1731869368503 0.0015809800243005157 37
1731869369269 0.0023740711621940136 38
1731869369906 0.0019326407928019762 39
1731869370474 0.002918011276051402 40
1731869371006 0.0015410027699545026 41
1731869371667 0.001351882703602314 42
1731869372306 0.0013580953236669302 43
1731869372838 0.0016444834182038903 44
1731869373370 0.002748721744865179 45
1731869373938 0.0027175070717930794 46
1731869374470 0.0020225541666150093 47
1731869375048 0.001476583885960281 48
1731869375596 0.0016977285267785192 49
