1731877752466 0.022191187366843224 0
1731877753115 0.005389638710767031 1
1731877753664 0.003954323939979076 2
1731877754231 0.003426813520491123 3
1731877754775 0.003112572245299816 4
1731877755409 0.002895886078476906 5
1731877755982 0.002607333706691861 6
1731877756822 0.00290174619294703 7
1731877757366 0.0025549272540956736 8
1731877757907 0.0024691515136510134 9
1731877758467 0.0026258686557412148 10
1731877759022 0.002149630105122924 11
1731877759569 0.0024485960602760315 12
1731877760112 0.0024176992010325193 13
1731877760770 0.0021221854258328676 14
1731877761315 0.002546082716435194 15
1731877761862 0.0022622854448854923 16
1731877762405 0.002294163918122649 17
1731877762962 0.001953858882188797 18
1731877763623 0.0021204433869570494 19
1731877764167 0.0017388182459399104 20
1731877764708 0.002110603731125593 21
1731877765274 0.0017806125106289983 22
1731877766040 0.0019176796777173877 23
1731877766581 0.0019782360177487135 24
1731877767127 0.00192124187014997 25
1731877767705 0.0018289334839209914 26
1731877768350 0.0017436784692108631 27
1731877768890 0.0018497403943911195 28
1731877769432 0.0016976335318759084 29
1731877770101 0.0016574417240917683 30
1731877770642 0.0019102328224107623 31
1731877771190 0.0017031743191182613 32
1731877771732 0.0018533867551013827 33
1731877772301 0.0018924383912235498 34
1731877772934 0.0016511378344148397 35
1731877773653 0.0015284271212294698 36
1731877774240 0.0017387343104928732 37
1731877774805 0.0016008146340027452 38
1731877775345 0.0019237124361097813 39
1731877775883 0.0016087536932900548 40
1731877776423 0.001544227241538465 41
1731877777136 0.0016785188345238566 42
1731877777688 0.0017745171207934618 43
1731877778227 0.0015861151041463017 44
1731877778773 0.0015611351700499654 45
1731877779346 0.0014931628247722983 46
1731877779889 0.0015832632780075073 47
1731877780426 0.001523478771559894 48
1731877780965 0.0017269281670451164 49
