1731876794917 0.012588225305080414 0
1731876796718 0.0049032787792384624 1
1731876798355 0.002577697392553091 2
1731876799965 0.0026195275131613016 3
1731876801473 0.0026318600866943598 4
1731876803099 0.0020132751669734716 5
1731876804577 0.001626150100491941 6
1731876806068 0.0015596362063661218 7
1731876807727 0.0019779354333877563 8
1731876809207 0.0023723687045276165 9
1731876810844 0.0016351387603208423 10
1731876812330 0.0017703801859170198 11
1731876813930 0.0014777405885979533 12
1731876815646 0.001513503841124475 13
1731876817354 0.0013784711482003331 14
1731876818884 0.0018380421679466963 15
1731876820667 0.0014883707044646144 16
1731876822174 0.001502930885180831 17
1731876823867 0.0014759014593437314 18
1731876825500 0.0014221741585060954 19
1731876826949 0.0015969136729836464 20
1731876828435 0.0012529868399724364 21
1731876830064 0.0015274944016709924 22
1731876831678 0.0013199647655710578 23
1731876833323 0.001315015135332942 24
1731876834827 0.0013443853240460157 25
1731876836308 0.0011676772264763713 26
1731876837792 0.0011701504699885845 27
1731876839288 0.0011038442607969046 28
1731876840783 0.0011692550033330917 29
1731876842409 0.00130182143766433 30
1731876843920 0.0010642193956300616 31
1731876845409 0.0011429681908339262 32
1731876847101 0.0012204779777675867 33
1731876848590 0.0015274720499292016 34
1731876850072 0.0011859957594424486 35
1731876851580 0.0010979963699355721 36
1731876852990 0.0010619850363582373 37
1731876854432 0.001008502091281116 38
1731876855942 0.001162349944934249 39
1731876857399 0.001023924327455461 40
1731876859200 0.0011099303374066949 41
1731876860715 0.0010412258561700583 42
1731876862172 0.0009502778993919492 43
1731876863694 0.0011614568065851927 44
1731876865164 0.000966462423093617 45
1731876866678 0.0010744270402938128 46
1731876868232 0.0011090402258560061 47
1731876869706 0.0010445413645356894 48
1731876871520 0.0008936033118516207 49
