1731857212878 0.03162059560418129 0
1731857213601 0.0064330026507377625 1
1731857214354 0.003239615587517619 2
1731857215191 0.009196480736136436 3
1731857215908 0.004253305960446596 4
1731857216929 0.002773662330582738 5
1731857217613 0.0022891752887517214 6
1731857218304 0.003006670391187072 7
1731857218951 0.00214996631257236 8
1731857219570 0.0025072754360735416 9
1731857220194 0.002235430059954524 10
1731857220943 0.002062325133010745 11
1731857221566 0.0021276595070958138 12
1731857222187 0.0027390297036617994 13
1731857222801 0.0019177511567249894 14
1731857223387 0.0021588813979178667 15
1731857224065 0.0018165510846301913 16
1731857224662 0.0017526407027617097 17
1731857225286 0.0019767002668231726 18
1731857225942 0.0016796835698187351 19
1731857226567 0.0016764429165050387 20
1731857227452 0.0016730871284380555 21
1731857228184 0.00225449469871819 22
1731857228800 0.0024438253603875637 23
1731857229406 0.0018264929531142116 24
1731857230028 0.0016112105222418904 25
1731857230658 0.0028465641662478447 26
1731857231276 0.003225390100851655 27
1731857231885 0.001671052654273808 28
1731857232508 0.0017913011834025383 29
1731857233152 0.0016333757666870952 30
1731857233777 0.0014618771383538842 31
1731857234398 0.0015233353478834033 32
1731857235009 0.0016105161048471928 33
1731857235641 0.0016512306174263358 34
1731857236298 0.0019881741609424353 35
1731857236924 0.0015762046677991748 36
1731857237679 0.0014065238647162914 37
1731857238429 0.001610110281035304 38
1731857239074 0.0019943255465477705 39
1731857239678 0.001794538926333189 40
1731857240320 0.001352512976154685 41
1731857241071 0.0016761920414865017 42
1731857241670 0.0019164775731042027 43
1731857242307 0.0015977425500750542 44
1731857242928 0.0013602060498669744 45
1731857243524 0.0018403918948024511 46
1731857244140 0.0013645890867337584 47
1731857244787 0.0014139678096398711 48
1731857245516 0.0012845549499616027 49
