1731880624556 0.04192495718598366 0
1731880626349 0.007340807002037764 1
1731880627949 0.022493455559015274 2
1731880629459 0.008695725351572037 3
1731880631212 0.004160438664257526 4
1731880632925 0.0035336220171302557 5
1731880634453 0.0028778205160051584 6
1731880636053 0.00284653645940125 7
1731880637967 0.0033493516966700554 8
1731880639500 0.0033134110271930695 9
1731880641255 0.0027165724895894527 10
1731880642994 0.00244466052390635 11
1731880644538 0.0029342900961637497 12
1731880646284 0.0025140661746263504 13
1731880647864 0.0027343786787241697 14
1731880649738 0.0019856682047247887 15
1731880651358 0.0017740350449457765 16
1731880652976 0.002493948210030794 17
1731880654589 0.0019546926487237215 18
1731880656265 0.0018435567617416382 19
1731880658114 0.0020708036608994007 20
1731880659709 0.0020765492226928473 21
1731880661294 0.00192282535135746 22
1731880662858 0.0015641663921996951 23
1731880664408 0.0017218644497916102 24
1731880665995 0.001602550153620541 25
1731880667732 0.00163682596758008 26
1731880669436 0.0015665877144783735 27
1731880671057 0.001766870031133294 28
1731880672693 0.0014497344382107258 29
1731880674240 0.001525206258520484 30
1731880676001 0.0013651238987222314 31
1731880677553 0.0019639807287603617 32
1731880679093 0.0019594922196120024 33
1731880680692 0.0016662240959703922 34
1731880682232 0.0023688741493970156 35
1731880683958 0.0021435911767184734 36
1731880685582 0.0017688083462417126 37
1731880687145 0.0014028815785422921 38
1731880688880 0.0012839080300182104 39
1731880690583 0.001750272698700428 40
1731880692150 0.00146808463614434 41
1731880693863 0.0012616475578397512 42
1731880695460 0.0012154600117355585 43
1731880697020 0.0010907958494499326 44
1731880698930 0.0012191678397357464 45
1731880700541 0.0011283594649285078 46
1731880702259 0.0010683280415832996 47
1731880703812 0.0011078183306381106 48
1731880705407 0.001232979935593903 49
