1731851507825 0.131514772772789 0
1731851508667 0.06916850805282593 1
1731851509286 0.056524112820625305 2
1731851509911 0.052917033433914185 3
1731851510496 0.0517018586397171 4
1731851511204 0.048446208238601685 5
1731851511860 0.048010099679231644 6
1731851512543 0.04634929448366165 7
1731851513155 0.04468166083097458 8
1731851513791 0.04258798435330391 9
1731851514373 0.04111919179558754 10
1731851515030 0.04064249247312546 11
1731851515629 0.038658399134874344 12
1731851516389 0.03663662075996399 13
1731851517130 0.03608023002743721 14
1731851517674 0.03256615996360779 15
1731851518339 0.031874898821115494 16
1731851518991 0.02940848283469677 17
1731851519648 0.027311064302921295 18
1731851520381 0.02576211281120777 19
1731851521027 0.0230584554374218 20
1731851521637 0.020892325788736343 21
1731851522332 0.018146812915802002 22
1731851523236 0.01628950610756874 23
1731851523916 0.014331376180052757 24
1731851524556 0.01258264109492302 25
1731851525203 0.0100235715508461 26
1731851525865 0.008259992115199566 27
1731851526541 0.006648329086601734 28
1731851527165 0.005472878459841013 29
1731851527852 0.004578100051730871 30
1731851528447 0.0037275117356330156 31
1731851529068 0.0028717494569718838 32
1731851529723 0.002682893304154277 33
1731851530642 0.002378304721787572 34
1731851531301 0.0019511959981173277 35
1731851532021 0.0019397500436753035 36
1731851532721 0.0018416167004033923 37
1731851533452 0.001947751035913825 38
1731851534181 0.0018661337671801448 39
1731851534742 0.0017763827927410603 40
1731851535400 0.0015462127048522234 41
1731851535986 0.0016086987452581525 42
1731851536547 0.0016832430846989155 43
1731851537135 0.0016712400829419494 44
1731851537847 0.0015986115904524922 45
1731851538422 0.0018125216010957956 46
1731851539213 0.001720615429803729 47
1731851539759 0.0017028404399752617 48
1731851540254 0.0015205970266833901 49
