1731859438113 0.10440370440483093 0
1731859438877 0.043223705142736435 1
1731859439488 0.018850577995181084 2
1731859440118 0.015084329061210155 3
1731859440736 0.011044364422559738 4
1731859441340 0.010088085196912289 5
1731859441848 0.012565608136355877 6
1731859442378 0.01434984803199768 7
1731859442965 0.008223550394177437 8
1731859443467 0.018745386973023415 9
1731859443965 0.008229526691138744 10
1731859444495 0.007642235141247511 11
1731859445244 0.006201703567057848 12
1731859445839 0.0066009280271828175 13
1731859446346 0.010593412443995476 14
1731859446870 0.0064925155602395535 15
1731859447376 0.005773319397121668 16
1731859447878 0.005182463675737381 17
1731859448377 0.00490171043202281 18
1731859448991 0.004543866962194443 19
1731859449499 0.004794708918780088 20
1731859450104 0.005344185512512922 21
1731859450604 0.004733376670628786 22
1731859451229 0.003853105939924717 23
1731859451727 0.003921600989997387 24
1731859452232 0.004003176465630531 25
1731859452739 0.003932306542992592 26
1731859453510 0.006642396096140146 27
1731859454013 0.00516089890152216 28
1731859454511 0.00388108822517097 29
1731859455122 0.0036165406927466393 30
1731859455633 0.003793701296672225 31
1731859456259 0.0031722206622362137 32
1731859456763 0.0033253259025514126 33
1731859457360 0.0030153945554047823 34
1731859457875 0.003031741362065077 35
1731859458388 0.004396392032504082 36
1731859458996 0.0037389197386801243 37
1731859459501 0.005785265937447548 38
1731859459994 0.004487588535994291 39
1731859460527 0.006459460128098726 40
1731859461032 0.0034842905588448048 41
1731859461551 0.003560046898201108 42
1731859462051 0.003224215703085065 43
1731859462579 0.0030091574881225824 44
1731859463081 0.0028800261206924915 45
1731859463594 0.0027635402511805296 46
1731859464349 0.0028936092276126146 47
1731859464871 0.0034695551730692387 48
1731859465381 0.0027238265611231327 49
