1731876264230 0.05601305514574051 0
1731876265328 0.005760715343058109 1
1731876266327 0.003492950927466154 2
1731876267367 0.0034124513622373343 3
1731876268484 0.002711959183216095 4
1731876269483 0.00289578246884048 5
1731876270683 0.0022694042418152094 6
1731876271690 0.0018918528221547604 7
1731876272798 0.0021326690912246704 8
1731876273852 0.0021358306985348463 9
1731876274927 0.0020481436513364315 10
1731876275940 0.0018956450512632728 11
1731876276994 0.002069843700155616 12
1731876277992 0.0020643621683120728 13
1731876279028 0.002039573388174176 14
1731876280047 0.002054421463981271 15
1731876281111 0.0017856053309515119 16
1731876282378 0.0018514046678319573 17
1731876283415 0.0015987687511369586 18
1731876284429 0.0018334551714360714 19
1731876285443 0.0016739839920774102 20
1731876286474 0.0018009189516305923 21
1731876287484 0.0015744765987619758 22
1731876288526 0.0017034938791766763 23
1731876289535 0.0015463220188394189 24
1731876290590 0.0016232958296313882 25
1731876291598 0.0017623396124690771 26
1731876292717 0.0013804693007841706 27
1731876293716 0.0016262332210317254 28
1731876294853 0.0014400266809388995 29
1731876295905 0.0015503098256886005 30
1731876296906 0.0015654690796509385 31
1731876297946 0.0013642036356031895 32
1731876298946 0.0015170269180089235 33
1731876299979 0.0013308614725247025 34
1731876301039 0.001468408270739019 35
1731876302070 0.0016509114066138864 36
1731876303163 0.0013990631559863687 37
1731876304218 0.0013535460457205772 38
1731876305234 0.0014958500396460295 39
1731876306263 0.001456962781958282 40
1731876307426 0.0014075356302782893 41
1731876308465 0.0014415888581424952 42
1731876309562 0.0013887109234929085 43
1731876310570 0.0014489887980744243 44
1731876311611 0.0013087663101032376 45
1731876312664 0.0012388522736728191 46
1731876313705 0.0013288058107718825 47
1731876314719 0.001242907950654626 48
1731876315761 0.0013577747158706188 49
