1731872376843 0.03437866270542145 0
1731872377537 0.017423279583454132 1
1731872378357 0.012742733582854271 2
1731872379057 0.0068909842520952225 3
1731872379660 0.008452902548015118 4
1731872380398 0.0057984828017652035 5
1731872381117 0.005151303950697184 6
1731872381703 0.005328889936208725 7
1731872382304 0.004841439425945282 8
1731872383225 0.004899038001894951 9
1731872383980 0.004922292660921812 10
1731872384719 0.003809493500739336 11
1731872385457 0.004116433672606945 12
1731872386190 0.0037345888558775187 13
1731872386846 0.004005730617791414 14
1731872387419 0.003995749168097973 15
1731872388094 0.0024799592792987823 16
1731872388710 0.004374181851744652 17
1731872389356 0.0032816093880683184 18
1731872390080 0.003336117137223482 19
1731872390668 0.003051870036870241 20
1731872391279 0.0034396450500935316 21
1731872391814 0.003680417314171791 22
1731872392383 0.00260572275146842 23
1731872392961 0.002741380827501416 24
1731872393728 0.0030563725158572197 25
1731872394467 0.0027665013913065195 26
1731872395596 0.002747324528172612 27
1731872396210 0.002209112048149109 28
1731872396809 0.0027466523461043835 29
1731872397551 0.00263871974311769 30
1731872398382 0.0022603662218898535 31
1731872398953 0.002173486864194274 32
1731872399549 0.0029195367824286222 33
1731872400439 0.002263177651911974 34
1731872401254 0.0017637262353673577 35
1731872402132 0.0021064088214188814 36
1731872402928 0.0025466824881732464 37
1731872403696 0.0025426875799894333 38
1731872404484 0.0020351421553641558 39
1731872405684 0.002122142817825079 40
1731872406749 0.0022768285125494003 41
1731872407538 0.002216412452980876 42
1731872408382 0.002202286384999752 43
1731872409031 0.0025542019866406918 44
1731872409697 0.0017887982539832592 45
1731872410334 0.0019905222579836845 46
1731872411017 0.001886713202111423 47
1731872411580 0.00240823021158576 48
1731872412205 0.001794580020941794 49
