1731860920064 0.04279353469610214 0
1731860920701 0.019185740500688553 1
1731860921378 0.009150438942015171 2
1731860922014 0.004692167975008488 3
1731860922527 0.0041109900921583176 4
1731860923177 0.0038406415842473507 5
1731860923807 0.0037575778551399708 6
1731860924321 0.005213558673858643 7
1731860924836 0.005262793507426977 8
1731860925366 0.003466969355940819 9
1731860926163 0.003357648616656661 10
1731860926794 0.0034695169888436794 11
1731860927308 0.0029111700132489204 12
1731860927829 0.0043479702435433865 13
1731860928360 0.003771825460717082 14
1731860928988 0.0028494091238826513 15
1731860929612 0.002756620291620493 16
1731860930147 0.003077176632359624 17
1731860930663 0.0030262332875281572 18
1731860931296 0.0026644680183380842 19
1731860932109 0.003028125734999776 20
1731860932657 0.002408570609986782 21
1731860933230 0.0025757458060979843 22
1731860933752 0.0025285049341619015 23
1731860934383 0.0026881475932896137 24
1731860935029 0.0034926391672343016 25
1731860935544 0.004739798605442047 26
1731860936055 0.0042569502256810665 27
1731860936567 0.002545842668041587 28
1731860937096 0.0021663045044988394 29
1731860937750 0.002026127651333809 30
1731860938259 0.0019734560046344995 31
1731860938777 0.002606589114293456 32
1731860939312 0.002189583145081997 33
1731860939820 0.002408407861366868 34
1731860940460 0.001791618182323873 35
1731860941109 0.0020261339377611876 36
1731860941645 0.002156974282115698 37
1731860942279 0.0019569252617657185 38
1731860942798 0.002177152084186673 39
1731860943300 0.0019167913123965263 40
1731860943834 0.0017988058971241117 41
1731860944349 0.0020810042042285204 42
1731860944869 0.002052448922768235 43
1731860945500 0.0019184212433174253 44
1731860946039 0.00178223114926368 45
1731860946552 0.0021870818454772234 46
1731860947060 0.0017404021928086877 47
1731860947568 0.001615384710021317 48
1731860948078 0.0016894846921786666 49
