1731858157550 0.11565367877483368 0
1731858158138 0.01821252517402172 1
1731858158682 0.020355384796857834 2
1731858159274 0.010798493400216103 3
1731858159847 0.008166019804775715 4
1731858160461 0.007405370939522982 5
1731858161050 0.007171967998147011 6
1731858161835 0.006435894872993231 7
1731858162358 0.006133978255093098 8
1731858162850 0.0059658014215528965 9
1731858163451 0.005716873332858086 10
1731858163973 0.00530189648270607 11
1731858164485 0.005403120070695877 12
1731858164990 0.007459738291800022 13
1731858165739 0.007586474996060133 14
1731858166285 0.0051710461266338825 15
1731858166780 0.0068139126524329185 16
1731858167299 0.005209661554545164 17
1731858167801 0.004632066003978252 18
1731858168346 0.004907689057290554 19
1731858168855 0.005399925168603659 20
1731858169374 0.004976675380021334 21
1731858169875 0.004329354502260685 22
1731858170387 0.003943307790905237 23
1731858170914 0.00560584245249629 24
1731858171431 0.007203798275440931 25
1731858171928 0.003721663262695074 26
1731858172544 0.00393270468339324 27
1731858173070 0.004778113681823015 28
1731858173705 0.003986237570643425 29
1731858174305 0.003568716812878847 30
1731858174807 0.0037853203248232603 31
1731858175351 0.003693342674523592 32
1731858175941 0.003691348247230053 33
1731858176465 0.014638297259807587 34
1731858177120 0.004674369934946299 35
1731858177665 0.003851078450679779 36
1731858178167 0.0038044194225221872 37
1731858178671 0.00347160710953176 38
1731858179184 0.0036363371182233095 39
1731858179713 0.0032949738670140505 40
1731858180234 0.003134924452751875 41
1731858180731 0.006242469418793917 42
1731858181244 0.004200626630336046 43
1731858181745 0.0033860239200294018 44
1731858182283 0.00361352670006454 45
1731858182782 0.005666861776262522 46
1731858183387 0.0038300019223243 47
1731858183887 0.0035441983491182327 48
1731858184438 0.0030832255724817514 49
