1731878858243 0.04408983886241913 0
1731878859073 0.0020218780264258385 1
1731878859769 0.002579217543825507 2
1731878860626 0.0018815534422174096 3
1731878861291 0.0020128393080085516 4
1731878862127 0.0013656673254445195 5
1731878862802 0.0013612115290015936 6
1731878863617 0.0015563182532787323 7
1731878864313 0.0014168790075927973 8
1731878865118 0.0018783346749842167 9
1731878866131 0.001230836845934391 10
1731878866822 0.0012766707222908735 11
1731878867485 0.0012830300256609917 12
1731878868153 0.0017224254552274942 13
1731878868807 0.0012597625609487295 14
1731878869502 0.0014749009860679507 15
1731878870160 0.0011850951705127954 16
1731878870898 0.0010778962168842554 17
1731878871625 0.0012081185122951865 18
1731878872284 0.0018891524523496628 19
1731878872925 0.0011221839813515544 20
1731878873664 0.002443723613396287 21
1731878874507 0.0011382759548723698 22
1731878875314 0.0010675054509192705 23
1731878875982 0.0013725548051297665 24
1731878876668 0.001356352586299181 25
1731878877329 0.001054079970344901 26
1731878878164 0.0010425855871289968 27
1731878878849 0.0013606847496703267 28
1731878879516 0.001162268570624292 29
1731878880193 0.0014696359867230058 30
1731878881065 0.001224470674060285 31
1731878881867 0.001066321157850325 32
1731878882535 0.0010440046899020672 33
1731878883198 0.0009568078094162047 34
1731878883890 0.0009943170007318258 35
1731878884690 0.0009558738674968481 36
1731878885366 0.000998397241346538 37
1731878886077 0.0009991906117647886 38
1731878887261 0.0011026905849575996 39
1731878887927 0.001325388322584331 40
1731878888769 0.0013611791655421257 41
1731878889433 0.001114211743697524 42
1731878890090 0.0009852017974480987 43
1731878890811 0.0013304667081683874 44
1731878891471 0.0008946164161898196 45
1731878892136 0.0010620804969221354 46
1731878892805 0.0008837035857141018 47
1731878893439 0.000795135332737118 48
1731878894266 0.0008429884328506887 49
