1731857100584 0.21869687736034393 0
1731857101311 0.07636149227619171 1
1731857102078 0.03856778144836426 2
1731857102675 0.0381556935608387 3
1731857103429 0.017528073862195015 4
1731857104873 0.015784459188580513 5
1731857105512 0.012534650042653084 6
1731857106158 0.016891220584511757 7
1731857106833 0.018096081912517548 8
1731857107470 0.010104325599968433 9
1731857108119 0.010191207751631737 10
1731857108793 0.009065975435078144 11
1731857109633 0.007895884104073048 12
1731857110288 0.009622819721698761 13
1731857110969 0.006538215093314648 14
1731857111605 0.006017450708895922 15
1731857112405 0.005594376940280199 16
1731857113068 0.005698246415704489 17
1731857113781 0.007386405486613512 18
1731857114380 0.008984330110251904 19
1731857115009 0.008812657557427883 20
1731857115643 0.009761017747223377 21
1731857116365 0.005575429182499647 22
1731857117000 0.005529623478651047 23
1731857117628 0.00671299546957016 24
1731857118293 0.0048460462130606174 25
1731857118919 0.010016510263085365 26
1731857119516 0.006315910257399082 27
1731857120457 0.005852968897670507 28
1731857121183 0.0067026009783148766 29
1731857121800 0.015557806007564068 30
1731857122400 0.009218307211995125 31
1731857123081 0.005776584148406982 32
1731857123716 0.005304508376866579 33
1731857124367 0.00647295918315649 34
1731857125192 0.005383862182497978 35
1731857125867 0.005008775740861893 36
1731857126516 0.0059111653827130795 37
1731857127204 0.00926254689693451 38
1731857127805 0.004868158604949713 39
1731857128427 0.005542983766645193 40
1731857129041 0.0043580722995102406 41
1731857129683 0.004161817952990532 42
1731857130404 0.004065839108079672 43
1731857131182 0.0042413449846208096 44
1731857131809 0.00441502220928669 45
1731857132416 0.005249032285064459 46
1731857133150 0.00628419267013669 47
1731857133798 0.013253951445221901 48
1731857134432 0.005709245800971985 49
