1731881484520 0.08143444359302521 0
1731881485298 0.003993669059127569 1
1731881486015 0.002984310034662485 2
1731881486559 0.001987527124583721 3
1731881487110 0.0034225231502205133 4
1731881488215 0.0017850544536486268 5
1731881488813 0.0018166062654927373 6
1731881489567 0.002697557443752885 7
1731881490186 0.0024110048543661833 8
1731881490770 0.0014943695859983563 9
1731881491669 0.0014161281287670135 10
1731881492222 0.001315366243943572 11
1731881492805 0.0015355501091107726 12
1731881493679 0.0015935630071908236 13
1731881494305 0.001394527149386704 14
1731881495150 0.0014399626525118947 15
1731881495831 0.0020866713020950556 16
1731881496643 0.002131287707015872 17
1731881497234 0.02513163723051548 18
1731881497836 0.003794292686507106 19
1731881498491 0.0015913196839392185 20
1731881499167 0.0013014228316023946 21
1731881499726 0.0012613326543942094 22
1731881500290 0.0012880233116447926 23
1731881500868 0.001266187522560358 24
1731881501420 0.0012897072592750192 25
1731881501967 0.0014904836425557733 26
1731881502512 0.0016504592495039105 27
1731881503091 0.0013583838008344173 28
1731881503644 0.0014724843204021454 29
1731881504536 0.0019070763373747468 30
1731881505304 0.001361281843855977 31
1731881505889 0.0012186350068077445 32
1731881506441 0.0013047399697825313 33
1731881507198 0.0012616171734407544 34
1731881507801 0.0016422433545812964 35
1731881508351 0.001408121665008366 36
1731881508896 0.001162701635621488 37
1731881509437 0.0011861820239573717 38
1731881510038 0.0015645278617739677 39
1731881510602 0.0012484393082559109 40
1731881511383 0.0012267391430214047 41
1731881511984 0.0010867136297747493 42
1731881512579 0.0012535377172753215 43
1731881513127 0.001220769016072154 44
1731881513673 0.0012337007792666554 45
1731881514222 0.0015098642325028777 46
1731881514796 0.0013268974144011736 47
1731881515380 0.0011792678851634264 48
1731881516114 0.0011836555786430836 49
