1731882128165 0.05349583551287651 0
1731882128970 0.006841826252639294 1
1731882129635 0.00458209402859211 2
1731882130266 0.0029239661525934935 3
1731882130905 0.0031270477920770645 4
1731882131567 0.007199955638498068 5
1731882132203 0.002212034072726965 6
1731882132826 0.003251784946769476 7
1731882133605 0.003260667435824871 8
1731882134267 0.0040093460120260715 9
1731882134899 0.002029055031016469 10
1731882135881 0.004361149854958057 11
1731882136557 0.002321300096809864 12
1731882137188 0.0032906890846788883 13
1731882137812 0.0019970210269093513 14
1731882138466 0.0021700402721762657 15
1731882139101 0.003108670236542821 16
1731882139735 0.0019309661583974957 17
1731882140526 0.00358180096372962 18
1731882141440 0.0021125562489032745 19
1731882142078 0.0019208756275475025 20
1731882142713 0.0020743138156831264 21
1731882143369 0.002051290590316057 22
1731882144023 0.0026660356670618057 23
1731882144986 0.0023394180461764336 24
1731882145649 0.0027451817877590656 25
1731882146471 0.0014078639214858413 26
1731882147098 0.0023751328699290752 27
1731882147769 0.002159014344215393 28
1731882148429 0.0024078793358057737 29
1731882149228 0.0019697370007634163 30
1731882149858 0.001325457589700818 31
1731882150515 0.0023962364066392183 32
1731882151144 0.0023021248634904623 33
1731882151777 0.001473220414482057 34
1731882152427 0.002103562466800213 35
1731882153139 0.0016862460179254413 36
1731882154446 0.0017698921728879213 37
1731882155159 0.0025256345979869366 38
1731882155872 0.002038531703874469 39
1731882156594 0.0022991697769612074 40
1731882157299 0.0019810812082141638 41
1731882158001 0.0020271381363272667 42
1731882158648 0.002159449039027095 43
1731882159283 0.002025963505730033 44
1731882159951 0.0023157913237810135 45
1731882160752 0.0019381785532459617 46
1731882161419 0.0019512613071128726 47
1731882162230 0.0013949823332950473 48
1731882162872 0.002969968831166625 49
