1731891811034 0.020591381937265396 0
1731891812179 0.008161569014191628 1
1731891813383 0.0030752725433558226 2
1731891814434 0.004612319637089968 3
1731891815591 0.003013135166838765 4
1731891816782 0.002806697506457567 5
1731891817835 0.002778303110972047 6
1731891818877 0.0025507158134132624 7
1731891820025 0.0021426479797810316 8
1731891821071 0.002251703292131424 9
1731891822172 0.0019609653390944004 10
1731891823210 0.0020940147805958986 11
1731891824245 0.002026153961196542 12
1731891825293 0.0020105817820876837 13
1731891826411 0.0017809504643082619 14
1731891827500 0.002011697506532073 15
1731891828537 0.0018939025467261672 16
1731891829747 0.0016379718435928226 17
1731891830886 0.002021362539380789 18
1731891831938 0.001698593026958406 19
1731891832969 0.0016315538669005036 20
1731891834026 0.0022473398130387068 21
1731891835009 0.0015443162992596626 22
1731891836074 0.002184123732149601 23
1731891837168 0.0016795846167951822 24
1731891838221 0.00164379074703902 25
1731891839273 0.0018459877464920282 26
1731891840302 0.0013196326326578856 27
1731891841360 0.0017590537900105119 28
1731891842557 0.0015334316994994879 29
1731891843608 0.0013327186461538076 30
1731891844649 0.0018859223928302526 31
1731891845836 0.001337281777523458 32
1731891846881 0.001452657743357122 33
1731891847942 0.0015978841111063957 34
1731891848993 0.0015157253947108984 35
1731891850046 0.001520165242254734 36
1731891851177 0.001658685621805489 37
1731891852308 0.0014493585331365466 38
1731891853369 0.00125871691852808 39
1731891854439 0.0017074956558644772 40
1731891855677 0.001531919464468956 41
1731891856822 0.0015987380174919963 42
1731891857867 0.0012856826651841402 43
1731891858966 0.001488375710323453 44
1731891860096 0.001289675012230873 45
1731891861140 0.0013646520674228668 46
1731891862196 0.0015480625443160534 47
1731891863324 0.0014906121650710702 48
1731891864388 0.0013070544227957726 49
