1731852228978 0.05580681189894676 0
1731852229610 0.01138063333928585 1
1731852230266 0.003790987888351083 2
1731852230892 0.0013398907613009214 3
1731852231500 0.001516659278422594 4
1731852232193 0.0013029355322942138 5
1731852232958 0.001279398798942566 6
1731852233572 0.0020664979238063097 7
1731852234106 0.0013000464532524347 8
1731852234641 0.0008435980416834354 9
1731852235173 0.0008688349043950438 10
1731852235789 0.001275241607800126 11
1731852236400 0.0010044079972431064 12
1731852236957 0.0009639041381888092 13
1731852237475 0.0007589473389089108 14
1731852238107 0.0006853060913272202 15
1731852238618 0.0007273094961419702 16
1731852239174 0.0006747265579178929 17
1731852239683 0.0007187071605585515 18
1731852240211 0.0007410000544041395 19
1731852240718 0.000873514567501843 20
1731852241365 0.0008377005578950047 21
1731852242094 0.0008341665961779654 22
1731852242671 0.0015243379166349769 23
1731852243204 0.0011216818820685148 24
1731852243713 0.0007231159252114594 25
1731852244271 0.0007214457727968693 26
1731852244903 0.0006254849722608924 27
1731852245415 0.0009217336191795766 28
1731852245946 0.0006779514951631427 29
1731852246483 0.0008052826160565019 30
1731852247007 0.0006210426217876375 31
1731852247527 0.000897289311978966 32
1731852248054 0.0012337147491052747 33
1731852248693 0.0006433826056309044 34
1731852249223 0.0007352276588790119 35
1731852249727 0.000779898080509156 36
1731852250245 0.00078193424269557 37
1731852250772 0.0005757504841312766 38
1731852251308 0.0007973368628881872 39
1731852251824 0.0006815516389906406 40
1731852252333 0.0008308885735459626 41
1731852252857 0.0006535110296681523 42
1731852253522 0.0007940206560306251 43
1731852254067 0.0008760048076510429 44
1731852254571 0.00102711480576545 45
1731852255108 0.0006682397215627134 46
1731852255961 0.0007581185200251639 47
1731852256528 0.0006184386438690126 48
1731852257297 0.001230569207109511 49
