1731860095030 0.09906433522701263 0
1731860095665 0.0399855338037014 1
1731860096281 0.02188972570002079 2
1731860096927 0.022098394110798836 3
1731860097445 0.01992274820804596 4
1731860097954 0.013953096233308315 5
1731860098455 0.011185087263584137 6
1731860099082 0.00802129041403532 7
1731860099694 0.007586788851767778 8
1731860100208 0.0068466560915112495 9
1731860100832 0.006325227208435535 10
1731860101363 0.006072151940315962 11
1731860101867 0.005667810328304768 12
1731860102666 0.00508784269914031 13
1731860103290 0.0049614692106842995 14
1731860103820 0.004634014330804348 15
1731860104436 0.0044081262312829494 16
1731860105066 0.010619530454277992 17
1731860105577 0.006534267216920853 18
1731860106105 0.00630952138453722 19
1731860106602 0.005008211359381676 20
1731860107106 0.0044091613963246346 21
1731860107611 0.004294089041650295 22
1731860108143 0.005622904282063246 23
1731860108648 0.009075919166207314 24
1731860109155 0.008223827928304672 25
1731860109659 0.004564977250993252 26
1731860110445 0.004371486604213715 27
1731860110956 0.004093863535672426 28
1731860111471 0.003843224374577403 29
1731860112009 0.003603478195145726 30
1731860112549 0.0060849664732813835 31
1731860113052 0.004296922590583563 32
1731860113563 0.003622977063059807 33
1731860114064 0.0030891767237335443 34
1731860114688 0.003165226196870208 35
1731860115226 0.003362748771905899 36
1731860115737 0.0039153071120381355 37
1731860116239 0.0028092169668525457 38
1731860116757 0.003343375166878104 39
1731860117299 0.003123312257230282 40
1731860117811 0.003566043684259057 41
1731860118320 0.0032748638186603785 42
1731860118823 0.003188362345099449 43
1731860119349 0.005160612985491753 44
1731860119853 0.0033584486227482557 45
1731860120371 0.0037069888785481453 46
1731860120895 0.004412089940160513 47
1731860121405 0.003183184191584587 48
1731860122245 0.0031447906512767076 49
