1731860775826 0.20380954444408417 0
1731860776458 0.17942239344120026 1
1731860777254 0.17034313082695007 2
1731860778034 0.16731421649456024 3
1731860778654 0.16644972562789917 4
1731860779280 0.16622968018054962 5
1731860780065 0.166183203458786 6
1731860780719 0.166174978017807 7
1731860781340 0.1661737710237503 8
1731860782107 0.16617366671562195 9
1731860782755 0.16617360711097717 10
1731860783274 0.16617360711097717 11
1731860783788 0.16617360711097717 12
1731860784300 0.16617357730865479 13
1731860784838 0.16617362201213837 14
1731860785358 0.09574568271636963 15
1731860785987 0.03946777433156967 16
1731860786606 0.0367717519402504 17
1731860787424 0.019227197393774986 18
1731860788022 0.00969390757381916 19
1731860788540 0.006599006708711386 20
1731860789050 0.03246372938156128 21
1731860789586 0.05017895624041557 22
1731860790090 0.014342504553496838 23
1731860790602 0.013277977705001831 24
1731860791214 0.007297506555914879 25
1731860791756 0.011624685488641262 26
1731860792257 0.008184024132788181 27
1731860792778 0.006527486257255077 28
1731860793290 0.006047310773283243 29
1731860793801 0.005847974680364132 30
1731860794331 0.004576757550239563 31
1731860794829 0.004210972227156162 32
1731860795319 0.004523093346506357 33
1731860795828 0.004272386897355318 34
1731860796365 0.004001370165497065 35
1731860796883 0.003937326837331057 36
1731860797405 0.0040341452695429325 37
1731860797916 0.004738635383546352 38
1731860798730 0.0037536362651735544 39
1731860799244 0.00457411864772439 40
1731860799764 0.003574332455173135 41
1731860800272 0.004005689639598131 42
1731860800919 0.003582209348678589 43
1731860801435 0.003433035686612129 44
1731860801941 0.003325273748487234 45
1731860802447 0.003425241680815816 46
1731860802952 0.004374648444354534 47
1731860803485 0.0036937971599400043 48
1731860803991 0.004131352063268423 49
