1731859768480 0.05803142115473747 0
1731859769280 0.0195008497685194 1
1731859769894 0.006673325784504414 2
1731859770400 0.014415795914828777 3
1731859770972 0.005569167900830507 4
1731859771611 0.004670632071793079 5
1731859772130 0.00470535084605217 6
1731859772644 0.004221261013299227 7
1731859773251 0.0037785766180604696 8
1731859773883 0.0036620439495891333 9
1731859774391 0.003495367243885994 10
1731859774905 0.005538469646126032 11
1731859775408 0.005727718118578196 12
1731859775941 0.0038155806250870228 13
1731859776465 0.0035230915527790785 14
1731859776968 0.003175596473738551 15
1731859777728 0.0034193468745797873 16
1731859778273 0.0032053205650299788 17
1731859778877 0.0034539250191301107 18
1731859779396 0.0029702375177294016 19
1731859779899 0.004875681363046169 20
1731859780425 0.003545788349583745 21
1731859780934 0.0026209314819425344 22
1731859781547 0.002816429128870368 23
1731859782054 0.0026054715272039175 24
1731859782691 0.003966957796365023 25
1731859783196 0.002496989443898201 26
1731859783702 0.002461628522723913 27
1731859784207 0.002517259679734707 28
1731859784714 0.00393432192504406 29
1731859785346 0.003864387981593609 30
1731859785853 0.0024421706330031157 31
1731859786355 0.002459737006574869 32
1731859786862 0.0030079148709774017 33
1731859787392 0.0053985221311450005 34
1731859788036 0.0031588573474437 35
1731859788548 0.0029874457977712154 36
1731859789060 0.003688691183924675 37
1731859789613 0.002563327318057418 38
1731859790123 0.0024291465524584055 39
1731859790722 0.0020618708804249763 40
1731859791235 0.0022579729557037354 41
1731859791759 0.0023020287044346333 42
1731859792269 0.0022248581517487764 43
1731859792884 0.002214649459347129 44
1731859793404 0.0033670333214104176 45
1731859793920 0.0022410210222005844 46
1731859794439 0.0018464430468156934 47
1731859794947 0.0018887741025537252 48
1731859795450 0.002354018623009324 49
