1731852383388 0.16617362201213837 0
1731852384260 0.16617362201213837 1
1731852384789 0.16617362201213837 2
1731852385339 0.16617360711097717 3
1731852385880 0.16617359220981598 4
1731852386426 0.16617362201213837 5
1731852386968 0.16617360711097717 6
1731852387532 0.16617362201213837 7
1731852388074 0.16617362201213837 8
1731852388622 0.16617360711097717 9
1731852389168 0.16617359220981598 10
1731852389697 0.16617360711097717 11
1731852390233 0.16617360711097717 12
1731852390779 0.16617362201213837 13
1731852391326 0.16617360711097717 14
1731852391871 0.16617360711097717 15
1731852392400 0.16617360711097717 16
1731852392950 0.16617362201213837 17
1731852393495 0.16617362201213837 18
1731852394040 0.16617362201213837 19
1731852394564 0.16617359220981598 20
1731852395103 0.16617362201213837 21
1731852395643 0.16617362201213837 22
1731852396190 0.16617362201213837 23
1731852396935 0.16617360711097717 24
1731852397541 0.16617360711097717 25
1731852398089 0.16617359220981598 26
1731852398615 0.16617362201213837 27
1731852399146 0.16617360711097717 28
1731852399673 0.16617362201213837 29
1731852400238 0.16617360711097717 30
1731852400763 0.16617362201213837 31
1731852401305 0.16617360711097717 32
1731852401839 0.16617362201213837 33
1731852402388 0.16617362201213837 34
1731852402922 0.16617360711097717 35
1731852403444 0.16617360711097717 36
1731852403984 0.16617360711097717 37
1731852404536 0.16617360711097717 38
1731852405074 0.16617362201213837 39
1731852405600 0.16617357730865479 40
1731852406133 0.16617362201213837 41
1731852406675 0.16617359220981598 42
1731852407366 0.16617360711097717 43
1731852407899 0.16617360711097717 44
1731852408419 0.16617362201213837 45
1731852408984 0.16617360711097717 46
1731852409504 0.16617362201213837 47
1731852410048 0.16617362201213837 48
1731852410567 0.16617360711097717 49
