1731883511416 0.05412418395280838 0
1731883512148 0.024664901196956635 1
1731883512850 0.01522048283368349 2
1731883513882 0.008866296149790287 3
1731883514604 0.015047199092805386 4
1731883515195 0.0058874101378023624 5
1731883515746 0.009257626719772816 6
1731883516305 0.007838928140699863 7
1731883516871 0.006022071931511164 8
1731883517422 0.007333381567150354 9
1731883518329 0.00611090986058116 10
1731883519070 0.005391429178416729 11
1731883519665 0.004411947913467884 12
1731883520263 0.004957339260727167 13
1731883520765 0.004969300236552954 14
1731883521515 0.006713559851050377 15
1731883522108 0.0030032529029995203 16
1731883522853 0.005538526456803083 17
1731883523416 0.0026056489441543818 18
1731883524002 0.004187364596873522 19
1731883524553 0.0027946175541728735 20
1731883525129 0.006233024876564741 21
1731883525666 0.0024364590644836426 22
1731883526228 0.0023689831141382456 23
1731883526782 0.005708914715796709 24
1731883527333 0.0033643911592662334 25
1731883527888 0.00265114544890821 26
1731883528453 0.003760505234822631 27
1731883529010 0.0022427192889153957 28
1731883529916 0.003938247449696064 29
1731883530522 0.0019107063999399543 30
1731883531110 0.003462929977104068 31
1731883531831 0.002048783004283905 32
1731883532401 0.0026444776449352503 33
1731883533244 0.0033129362855106592 34
1731883533844 0.002854598918929696 35
1731883534442 0.0018062139861285686 36
1731883535033 0.00345688802190125 37
1731883535699 0.003130487399175763 38
1731883536294 0.002525119576603174 39
1731883536887 0.0017488556914031506 40
1731883537499 0.0018536052666604519 41
1731883538134 0.003136125160381198 42
1731883539077 0.0016987110720947385 43
1731883539694 0.0031451464165002108 44
1731883540319 0.0020309975370764732 45
1731883540899 0.002483525313436985 46
1731883541620 0.0019031574483960867 47
1731883542181 0.0023707265499979258 48
1731883542759 0.0017787273973226547 49
