1731867083487 0.051464080810546875 0
1731867084181 0.008483976125717163 1
1731867084765 0.011108772829174995 2
1731867085338 0.005846091546118259 3
1731867086024 0.00362870073877275 4
1731867086600 0.002728651976212859 5
1731867087185 0.0025206671562045813 6
1731867087774 0.004586953669786453 7
1731867088506 0.0024753056932240725 8
1731867089091 0.0026111858896911144 9
1731867089682 0.0027216547168791294 10
1731867090371 0.0025925301015377045 11
1731867091276 0.002848503179848194 12
1731867091896 0.002978643635287881 13
1731867092512 0.0024088656064122915 14
1731867093173 0.0022020020987838507 15
1731867093892 0.0021111718378961086 16
1731867094471 0.0027649474795907736 17
1731867095051 0.0021039193961769342 18
1731867095668 0.0018705598777160048 19
1731867096249 0.001976253464818001 20
1731867096806 0.0025228969752788544 21
1731867097323 0.002225299132987857 22
1731867097858 0.0020114693325012922 23
1731867098382 0.001982548739761114 24
1731867098899 0.0019749205093830824 25
1731867099507 0.0022841542959213257 26
1731867100067 0.0017068039160221815 27
1731867100668 0.002411808120086789 28
1731867101577 0.0018492586677893996 29
1731867102150 0.0017896853387355804 30
1731867102718 0.001552334986627102 31
1731867103202 0.0014880800154060125 32
1731867103764 0.001497236778959632 33
1731867104262 0.0014372910372912884 34
1731867104789 0.001596278976649046 35
1731867105296 0.0015324581181630492 36
1731867105809 0.0015850976342335343 37
1731867106359 0.0018328106962144375 38
1731867106874 0.0021402735728770494 39
1731867107405 0.0034646643325686455 40
1731867107924 0.001970025012269616 41
1731867108522 0.0018377368105575442 42
1731867109093 0.0019235198851674795 43
1731867109686 0.0018436659593135118 44
1731867110242 0.0015726233832538128 45
1731867110904 0.0016984821995720267 46
1731867111502 0.0024584794882684946 47
1731867112034 0.0016878134338185191 48
1731867112553 0.0020701882895082235 49
