1731851831798 0.2270866185426712 0
1731851832573 0.2262391746044159 1
1731851833207 0.2253987193107605 2
1731851833853 0.22458672523498535 3
1731851834463 0.22377175092697144 4
1731851835069 0.22297139465808868 5
1731851835664 0.2221807837486267 6
1731851836273 0.2214006930589676 7
1731851836874 0.2206399291753769 8
1731851837449 0.2198791354894638 9
1731851838053 0.2191298007965088 10
1731851838838 0.2184007614850998 11
1731851839429 0.21766328811645508 12
1731851840040 0.21695192158222198 13
1731851840650 0.21624916791915894 14
1731851841266 0.2155480980873108 15
1731851841867 0.2148687243461609 16
1731851842485 0.214189350605011 17
1731851843242 0.21352483332157135 18
1731851844089 0.21285657584667206 19
1731851844913 0.2122063934803009 20
1731851845687 0.21156780421733856 21
1731851846438 0.21094068884849548 22
1731851847123 0.21031320095062256 23
1731851847772 0.20970271527767181 24
1731851848490 0.2090943455696106 25
1731851849667 0.2084982693195343 26
1731851850516 0.20791488885879517 27
1731851851485 0.20732879638671875 28
1731851852336 0.2067655473947525 29
1731851853261 0.20619134604930878 30
1731851854022 0.20563755929470062 31
1731851854791 0.20508916676044464 32
1731851855797 0.2045537382364273 33
1731851856620 0.2040138989686966 34
1731851857392 0.20349176228046417 35
1731851858140 0.20297469198703766 36
1731851859023 0.20246388018131256 37
1731851859737 0.20195381343364716 38
1731851860609 0.20145778357982635 39
1731851861342 0.2009640485048294 40
1731851861982 0.2004828304052353 41
1731851862636 0.20000578463077545 42
1731851863265 0.19953620433807373 43
1731851863903 0.19906775653362274 44
1731851864508 0.19861756265163422 45
1731851865332 0.19816049933433533 46
1731851865962 0.19772164523601532 47
1731851866569 0.1972840279340744 48
1731851867234 0.19684848189353943 49
