1731849207288 0.1672181785106659 0
1731849209212 0.16721820831298828 1
1731849211044 0.16721822321414948 2
1731849212849 0.1672181934118271 3
1731849214676 0.1672181934118271 4
1731849216630 0.1672181785106659 5
1731849218765 0.1672181785106659 6
1731849220664 0.1672181785106659 7
1731849222512 0.1672181934118271 8
1731849224397 0.1672181636095047 9
1731849226460 0.16721822321414948 10
1731849228539 0.16721820831298828 11
1731849230451 0.1672181934118271 12
1731849232339 0.16721822321414948 13
1731849234228 0.1672181934118271 14
1731849236127 0.1672181636095047 15
1731849238088 0.16721825301647186 16
1731849239999 0.16721823811531067 17
1731849242114 0.1672181934118271 18
1731849243984 0.16721820831298828 19
1731849245900 0.16721822321414948 20
1731849247825 0.1672181934118271 21
1731849249783 0.1672181934118271 22
1731849251892 0.1672181785106659 23
1731849253807 0.16721820831298828 24
1731849255749 0.16721823811531067 25
1731849257586 0.1672181934118271 26
1731849259503 0.16721820831298828 27
1731849261408 0.1672181934118271 28
1731849263531 0.16721820831298828 29
1731849265409 0.16721820831298828 30
1731849267352 0.16721823811531067 31
1731849269334 0.16721820831298828 32
1731849271276 0.16721822321414948 33
1731849273337 0.16721822321414948 34
1731849275294 0.16721822321414948 35
1731849277195 0.16721823811531067 36
1731849279152 0.16721820831298828 37
1731849281497 0.16721823811531067 38
1731849283409 0.16721823811531067 39
1731849285328 0.1672181785106659 40
1731849287331 0.16721822321414948 41
1731849289285 0.16721820831298828 42
1731849291716 0.1672181487083435 43
1731849293782 0.1672181934118271 44
1731849295666 0.16721820831298828 45
1731849297570 0.1672181934118271 46
1731849299528 0.16721822321414948 47
1731849301632 0.1672181934118271 48
1731849303546 0.1672181934118271 49
1731849305423 0.1672181934118271 50
1731849307344 0.1672181934118271 51
1731849309248 0.1672181934118271 52
1731849311311 0.16721825301647186 53
1731849313229 0.16721820831298828 54
1731849315153 0.1672181636095047 55
1731849317043 0.1672181934118271 56
1731849318989 0.1672181934118271 57
1731849321049 0.16721820831298828 58
1731849322963 0.16721823811531067 59
1731849324892 0.1672181487083435 60
1731849326785 0.1672181934118271 61
1731849328834 0.1672181487083435 62
1731849330787 0.1672181785106659 63
1731849332705 0.1672181934118271 64
1731849334591 0.1672181636095047 65
1731849336464 0.16721822321414948 66
1731849338543 0.16721823811531067 67
1731849340477 0.1672181785106659 68
1731849342391 0.1672181934118271 69
1731849344284 0.1672181934118271 70
1731849346219 0.16721822321414948 71
1731849348278 0.16721822321414948 72
1731849350196 0.16721820831298828 73
1731849352147 0.1672181934118271 74
1731849354067 0.1672181785106659 75
1731849356140 0.16721822321414948 76
1731849358265 0.16721825301647186 77
1731849360171 0.1672181785106659 78
1731849362103 0.16721820831298828 79
1731849364017 0.1672181934118271 80
1731849366066 0.16721820831298828 81
1731849367989 0.1672181934118271 82
1731849369868 0.16721822321414948 83
1731849371783 0.16721823811531067 84
1731849373684 0.16721820831298828 85
1731849375773 0.1672181636095047 86
1731849377686 0.16721820831298828 87
1731849379563 0.16721822321414948 88
1731849381444 0.16721820831298828 89
1731849383524 0.16721823811531067 90
1731849385467 0.1672181934118271 91
1731849387391 0.16721822321414948 92
1731849389301 0.16721825301647186 93
1731849391381 0.1672181934118271 94
1731849393274 0.16721822321414948 95
1731849395163 0.1672181487083435 96
1731849397065 0.1672181934118271 97
1731849399148 0.1672181785106659 98
1731849401041 0.1672181934118271 99
