1731890705381 0.16676336526870728 0
1731890707009 0.16594234108924866 1
1731890708621 0.16588951647281647 2
1731890710276 0.16268621385097504 3
1731890712067 0.034443199634552 4
1731890713753 0.00307353213429451 5
1731890715429 0.0018688361160457134 6
1731890717095 0.001764569547958672 7
1731890718756 0.0016774516552686691 8
1731890720320 0.0015600640326738358 9
1731890722038 0.0015152405248954892 10
1731890723576 0.0024617298040539026 11
1731890725099 0.0014090519398450851 12
1731890726655 0.004054334945976734 13
1731890728223 0.002247430616989732 14
1731890729733 0.0013357853749766946 15
1731890731405 0.0013199771055951715 16
1731890732971 0.0013891587732359767 17
1731890734697 0.0012832024367526174 18
1731890736199 0.0012437314726412296 19
1731890737733 0.0013915924355387688 20
1731890739296 0.0023772299755364656 21
1731890740821 0.001316792331635952 22
1731890742619 0.0013022945495322347 23
1731890744446 0.0011771877761930227 24
1731890745957 0.0014125230954959989 25
1731890747447 0.0013826448703184724 26
1731890748941 0.0011162272421643138 27
1731890750543 0.0011283705243840814 28
1731890752041 0.0012124450877308846 29
1731890753754 0.0013919667107984424 30
1731890755308 0.0011043691774830222 31
1731890756808 0.0011220788583159447 32
1731890758513 0.001269209780730307 33
1731890760094 0.0013714989181607962 34
1731890761609 0.0012025506002828479 35
1731890763286 0.0011639224831014872 36
1731890764831 0.0011981625575572252 37
1731890766362 0.0012223696103319526 38
1731890768020 0.0010753140086308122 39
1731890769730 0.0012873898958787322 40
1731890771256 0.00118290598038584 41
1731890772840 0.0011784132802858949 42
1731890774338 0.0011760132620111108 43
1731890775938 0.0011017576325684786 44
1731890777480 0.001046399469487369 45
1731890779145 0.0009003845043480396 46
1731890780720 0.0013605047715827823 47
1731890782337 0.0010572589235380292 48
1731890783954 0.0012298626825213432 49
