1731882009575 0.16639330983161926 0
1731882009896 0.1660422831773758 1
1731882010210 0.16575543582439423 2
1731882010550 0.16552560031414032 3
1731882010885 0.16533564031124115 4
1731882011391 0.1651778221130371 5
1731882011743 0.16505219042301178 6
1731882012093 0.16495124995708466 7
1731882012483 0.16487185657024384 8
1731882012959 0.16481050848960876 9
1731882013753 0.16476067900657654 10
1731882014341 0.16472306847572327 11
1731882014770 0.1646937131881714 12
1731882015107 0.16467013955116272 13
1731882015454 0.16465243697166443 14
1731882015918 0.1646389216184616 15
1731882016224 0.16462834179401398 16
1731882016544 0.16462023556232452 17
1731882016998 0.1646140068769455 18
1731882017377 0.1646091192960739 19
1731882017697 0.16460537910461426 20
1731882018119 0.16460256278514862 21
1731882018473 0.1646004319190979 22
1731882018800 0.1645987331867218 23
1731882019241 0.1645975112915039 24
1731882019603 0.16459649801254272 25
1731882019969 0.16459573805332184 26
1731882020827 0.16459518671035767 27
1731882021156 0.16459472477436066 28
1731882021474 0.1645943820476532 29
1731882022115 0.1645941436290741 30
1731882022591 0.16459393501281738 31
1731882022931 0.16459380090236664 32
1731882023148 0.1645936816930771 33
1731882023657 0.16459359228610992 34
1731882023980 0.16459351778030396 35
1731882024173 0.16459345817565918 36
1731882024513 0.16459344327449799 37
1731882024722 0.1645933985710144 38
1731882024941 0.16459336876869202 39
1731882025297 0.16459336876869202 40
1731882025492 0.16459332406520844 41
1731882025694 0.16459330916404724 42
1731882025883 0.16459330916404724 43
1731882026193 0.16459329426288605 44
1731882026387 0.16459330916404724 45
1731882026581 0.16459329426288605 46
1731882026783 0.16459329426288605 47
1731882026975 0.16459329426288605 48
1731882027190 0.16459329426288605 49
