1731861016740 0.476258784532547 0
1731861017388 0.2039218246936798 1
1731861018035 0.08927605301141739 2
1731861018690 0.05262388661503792 3
1731861019213 0.04092412814497948 4
1731861019859 0.024096881970763206 5
1731861020387 0.017843617126345634 6
1731861021051 0.01535127591341734 7
1731861021865 0.01372536551207304 8
1731861022391 0.02184685319662094 9
1731861022920 0.021454382687807083 10
1731861023465 0.04942912608385086 11
1731861024007 0.03388572111725807 12
1731861024538 0.02654940076172352 13
1731861025055 0.014086628332734108 14
1731861025593 0.013233151286840439 15
1731861026109 0.010730722919106483 16
1731861026626 0.009669316001236439 17
1731861027145 0.008834612555801868 18
1731861027795 0.007697178516536951 19
1731861028470 0.008071435615420341 20
1731861029096 0.008719749748706818 21
1731861029618 0.012588967569172382 22
1731861030153 0.007389578502625227 23
1731861030670 0.007074125111103058 24
1731861031474 0.006610898766666651 25
1731861032000 0.009681268595159054 26
1731861032667 0.006310376338660717 27
1731861033187 0.006254327017813921 28
1731861033704 0.007863550446927547 29
1731861034335 0.008527151308953762 30
1731861034888 0.006367909722030163 31
1731861035411 0.006523544434458017 32
1731861035933 0.008443737402558327 33
1731861036572 0.005706135183572769 34
1731861037114 0.010177580639719963 35
1731861037634 0.006619226653128862 36
1731861038152 0.011950181797146797 37
1731861038673 0.006765850819647312 38
1731861039375 0.005889574531465769 39
1731861040022 0.0053517771884799 40
1731861040668 0.004675960633903742 41
1731861041191 0.005147393327206373 42
1731861041738 0.005771540105342865 43
1731861042377 0.006383493077009916 44
1731861042903 0.006559543777257204 45
1731861043417 0.008363866247236729 46
1731861043958 0.006270921789109707 47
1731861044482 0.0067126634530723095 48
1731861045000 0.007079264614731073 49
