1731867919814 0.0584341362118721 0
1731867920482 0.020030474290251732 1
1731867921118 0.05102473497390747 2
1731867921671 0.036386698484420776 3
1731867922213 0.011941458098590374 4
1731867922741 0.011079972609877586 5
1731867923375 0.007633909583091736 6
1731867924049 0.007100420538336039 7
1731867924584 0.005392774473875761 8
1731867925132 0.008009292185306549 9
1731867925669 0.00458678649738431 10
1731867926396 0.0044535622000694275 11
1731867927029 0.004142650403082371 12
1731867927551 0.0039054236840456724 13
1731867928089 0.0038983619306236506 14
1731867928648 0.003920338582247496 15
1731867929226 0.004040133208036423 16
1731867929852 0.0037906747311353683 17
1731867930407 0.00388714880682528 18
1731867930979 0.004818562883883715 19
1731867931584 0.003706272691488266 20
1731867932205 0.003565306542441249 21
1731867932739 0.0034859776496887207 22
1731867933407 0.0033352721948176622 23
1731867933954 0.0034062385093420744 24
1731867934483 0.003490184899419546 25
1731867935021 0.004017254337668419 26
1731867935578 0.003223901381716132 27
1731867936124 0.0038833399303257465 28
1731867936667 0.003141328226774931 29
1731867937498 0.0030925995670259 30
1731867938162 0.0033442743588238955 31
1731867938695 0.0036151749081909657 32
1731867939245 0.0030823552515357733 33
1731867939869 0.0032506068237125874 34
1731867940453 0.0035751492250710726 35
1731867941006 0.005392702296376228 36
1731867941546 0.004122126381844282 37
1731867942087 0.002928078407421708 38
1731867942788 0.0029486468993127346 39
1731867943336 0.002651843009516597 40
1731867943978 0.0026637474074959755 41
1731867944506 0.0026834593154489994 42
1731867945085 0.00297592137940228 43
1731867945625 0.002748630242422223 44
1731867946203 0.0025878457818180323 45
1731867946804 0.002475617453455925 46
1731867947706 0.0024163059424608946 47
1731867948297 0.002500692615285516 48
1731867949045 0.002409852109849453 49
