1731867758278 0.0503808930516243 0
1731867759141 0.01729595847427845 1
1731867760094 0.007981386035680771 2
1731867760766 0.005589327309280634 3
1731867761407 0.005435739178210497 4
1731867762021 0.00536319799721241 5
1731867762575 0.004667610861361027 6
1731867763322 0.005066378973424435 7
1731867764084 0.003999314736574888 8
1731867764671 0.0036204219795763493 9
1731867765589 0.01251052413135767 10
1731867766368 0.0072595723904669285 11
1731867767505 0.0035955538041889668 12
1731867768176 0.0042863404378294945 13
1731867768933 0.0040256609208881855 14
1731867769596 0.0034598035272210836 15
1731867770226 0.0034532835707068443 16
1731867771038 0.0029304903000593185 17
1731867771760 0.002769274404272437 18
1731867772492 0.002842765534296632 19
1731867773251 0.002766961930319667 20
1731867773947 0.0028701378032565117 21
1731867774541 0.0032857349142432213 22
1731867775233 0.0027393512427806854 23
1731867775863 0.0026580041740089655 24
1731867776512 0.002473365282639861 25
1731867777149 0.0028512754943221807 26
1731867778003 0.0023999232798814774 27
1731867778619 0.0024803110864013433 28
1731867779671 0.002570274518802762 29
1731867780425 0.0029523007106035948 30
1731867781120 0.0024926813784986734 31
1731867781727 0.0021508506033569574 32
1731867782391 0.0033716782927513123 33
1731867783131 0.0028693117201328278 34
1731867783712 0.0038623849395662546 35
1731867784370 0.002454141853377223 36
1731867784956 0.0022861380130052567 37
1731867785497 0.0019619036465883255 38
1731867786100 0.00228345044888556 39
1731867787005 0.0019490804988890886 40
1731867787707 0.0026767051313072443 41
1731867788288 0.0018968760268762708 42
1731867788850 0.0018901629373431206 43
1731867789459 0.0020793459843844175 44
1731867790160 0.001899220747873187 45
1731867790818 0.002039340790361166 46
1731867791878 0.002731180051341653 47
1731867792586 0.0024597567971795797 48
1731867793390 0.002867605071514845 49
