1731860728152 0.05079105868935585 0
1731860728793 0.026321498677134514 1
1731860729424 0.020038437098264694 2
1731860729962 0.017785241827368736 3
1731860730486 0.02869546040892601 4
1731860731066 0.022680921480059624 5
1731860731701 0.005060201045125723 6
1731860732357 0.004517426714301109 7
1731860732879 0.0047823600471019745 8
1731860733642 0.004348802380263805 9
1731860734154 0.0035278929863125086 10
1731860734689 0.0032687794882804155 11
1731860735334 0.003173504024744034 12
1731860735852 0.0030173512641340494 13
1731860736362 0.00305784959346056 14
1731860736899 0.0028798419516533613 15
1731860737519 0.003136544721201062 16
1731860738039 0.004116453696042299 17
1731860738548 0.0032477977219969034 18
1731860739078 0.0101693170145154 19
1731860739590 0.005161552224308252 20
1731860740244 0.002880985150113702 21
1731860740760 0.0038745321799069643 22
1731860741292 0.002808348508551717 23
1731860741809 0.0024979670997709036 24
1731860742305 0.0025202096439898014 25
1731860742820 0.0024602480698376894 26
1731860743330 0.002545254770666361 27
1731860743871 0.002284676069393754 28
1731860744378 0.002180300420150161 29
1731860745012 0.0022227810695767403 30
1731860745550 0.0020872203167527914 31
1731860746073 0.0023358985781669617 32
1731860746699 0.002519703470170498 33
1731860747321 0.00231133121997118 34
1731860747832 0.0025377750862389803 35
1731860748359 0.0019405961502343416 36
1731860748876 0.0020013567991554737 37
1731860749385 0.001999540952965617 38
1731860749895 0.002015169942751527 39
1731860750424 0.0027764360420405865 40
1731860751050 0.001926144235767424 41
1731860751556 0.002015891717746854 42
1731860752186 0.0018788407323881984 43
1731860752991 0.0022504134103655815 44
1731860753505 0.0019605697598308325 45
1731860754019 0.0019882062915712595 46
1731860754533 0.0020430961158126593 47
1731860755058 0.0020526722073554993 48
1731860755710 0.0018191086128354073 49
