1731853865887 0.12003232538700104 0
1731853866510 0.12950076162815094 1
1731853867115 0.12746280431747437 2
1731853867618 0.12694381177425385 3
1731853868136 0.11920078098773956 4
1731853868625 0.11388644576072693 5
1731853869127 0.10693808645009995 6
1731853869865 0.11753658205270767 7
1731853870392 0.11666282266378403 8
1731853870897 0.10907728970050812 9
1731853871398 0.10642256587743759 10
1731853871901 0.11017902940511703 11
1731853872417 0.10305558890104294 12
1731853872944 0.10922445356845856 13
1731853873464 0.10838121920824051 14
1731853873975 0.10770208388566971 15
1731853874479 0.10430639237165451 16
1731853875001 0.10479241609573364 17
1731853875518 0.0961822122335434 18
1731853876104 0.09660404920578003 19
1731853876616 0.0987025648355484 20
1731853877139 0.08949999511241913 21
1731853877651 0.10025303065776825 22
1731853878152 0.09620242565870285 23
1731853878638 0.08319953829050064 24
1731853879150 0.09330036491155624 25
1731853879682 0.09017352759838104 26
1731853880446 0.09401638060808182 27
1731853880953 0.09377269446849823 28
1731853881461 0.08749571442604065 29
1731853881994 0.09211339801549911 30
1731853882498 0.08203616738319397 31
1731853883009 0.08449270576238632 32
1731853883511 0.0830623060464859 33
1731853884033 0.08261257410049438 34
1731853884646 0.08181910216808319 35
1731853885147 0.08431816101074219 36
1731853885653 0.08398881554603577 37
1731853886150 0.07844152301549911 38
1731853886668 0.07372928410768509 39
1731853887171 0.07766220718622208 40
1731853887689 0.0749443769454956 41
1731853888284 0.08390769362449646 42
1731853888825 0.0763249471783638 43
1731853889472 0.07861494272947311 44
1731853889972 0.0719601958990097 45
1731853890481 0.07140588015317917 46
1731853891011 0.06880880892276764 47
1731853891611 0.07066894322633743 48
1731853892160 0.07454316318035126 49
