1731882396447 0.07210009545087814 0
1731882396909 0.015982314944267273 1
1731882397544 0.007006359752267599 2
1731882397972 0.004020214546471834 3
1731882398351 0.004304865375161171 4
1731882398792 0.004308789968490601 5
1731882399104 0.0035482991952449083 6
1731882399420 0.0026810236740857363 7
1731882399735 0.0028861979953944683 8
1731882400050 0.002933529671281576 9
1731882400380 0.003141715656965971 10
1731882400837 0.002686762949451804 11
1731882401160 0.0032641487196087837 12
1731882401485 0.0026291736867278814 13
1731882401797 0.0028741268906742334 14
1731882402115 0.0023423645179718733 15
1731882402434 0.0021149206440895796 16
1731882403048 0.0025510084815323353 17
1731882403407 0.0021335873752832413 18
1731882403884 0.0030191645491868258 19
1731882404201 0.0017252222169190645 20
1731882404521 0.0023652587551623583 21
1731882404837 0.0022715285886079073 22
1731882405150 0.0032868520356714725 23
1731882405488 0.0017692229012027383 24
1731882405802 0.0018144177738577127 25
1731882406244 0.00189829315058887 26
1731882406569 0.0019454880384728312 27
1731882406887 0.0024818528909236193 28
1731882407208 0.001635864144191146 29
1731882407845 0.0020083982963114977 30
1731882408166 0.0017890421440824866 31
1731882408508 0.001633297186344862 32
1731882408827 0.002783267293125391 33
1731882409143 0.001773557742126286 34
1731882409457 0.0013412695843726397 35
1731882409777 0.001942122238688171 36
1731882410112 0.0019161499803885818 37
1731882410424 0.002054409123957157 38
1731882410740 0.0015427100006490946 39
1731882411175 0.0019346275366842747 40
1731882411497 0.0020032764878124 41
1731882411816 0.001541425590403378 42
1731882412128 0.0017420514486730099 43
1731882412458 0.00158885947894305 44
1731882412774 0.001890061772428453 45
1731882413085 0.0016180535312741995 46
1731882413403 0.0018788217566907406 47
1731882413718 0.001592294662259519 48
1731882414032 0.0014813796151429415 49
