1731854053867 0.2264779955148697 0
1731854054486 0.2255680114030838 1
1731854055106 0.22478628158569336 2
1731854055736 0.22399821877479553 3
1731854056353 0.22315631806850433 4
1731854057124 0.2223825454711914 5
1731854057864 0.22154739499092102 6
1731854058516 0.22075961530208588 7
1731854059125 0.22004596889019012 8
1731854059743 0.2192021757364273 9
1731854060369 0.218505397439003 10
1731854061172 0.2174249142408371 11
1731854061780 0.21645334362983704 12
1731854062405 0.2152864933013916 13
1731854063043 0.19929496943950653 14
1731854063671 0.15683624148368835 15
1731854064283 0.149189755320549 16
1731854065081 0.13178780674934387 17
1731854065599 0.12094583362340927 18
1731854066208 0.12936674058437347 19
1731854066722 0.12137627601623535 20
1731854067275 0.11565672606229782 21
1731854067802 0.11669571697711945 22
1731854068317 0.11528165638446808 23
1731854068838 0.11009032279253006 24
1731854069357 0.11050960421562195 25
1731854069887 0.10506362468004227 26
1731854070505 0.1116502434015274 27
1731854071125 0.11306199431419373 28
1731854071664 0.103950135409832 29
1731854072177 0.10679806768894196 30
1731854072707 0.10277858376502991 31
1731854073229 0.10147551447153091 32
1731854073745 0.10448062419891357 33
1731854074273 0.10026035457849503 34
1731854074781 0.09860765188932419 35
1731854075288 0.09833884239196777 36
1731854075801 0.09982884675264359 37
1731854076464 0.09574571996927261 38
1731854076977 0.09919693320989609 39
1731854077491 0.09309351444244385 40
1731854078001 0.09528134018182755 41
1731854078540 0.09416227787733078 42
1731854079044 0.09356708079576492 43
1731854079559 0.09077095985412598 44
1731854080064 0.09368585795164108 45
1731854080578 0.09320364147424698 46
1731854081111 0.088344506919384 47
1731854081622 0.09045606851577759 48
1731854082138 0.08911075443029404 49
