1731871054101 0.034078601747751236 0
1731871055481 0.004650013521313667 1
1731871056611 0.005657080095261335 2
1731871057918 0.006415026728063822 3
1731871059117 0.004547098185867071 4
1731871060288 0.006420315708965063 5
1731871061474 0.0039277104660868645 6
1731871062590 0.0044868034310638905 7
1731871063969 0.004098706413060427 8
1731871065151 0.0035491767339408398 9
1731871066409 0.003647560952231288 10
1731871067580 0.00250610220246017 11
1731871068713 0.003004751168191433 12
1731871069896 0.004140036646276712 13
1731871071131 0.0024017002433538437 14
1731871072229 0.002201690338551998 15
1731871073368 0.0027700087521225214 16
1731871074611 0.002946932800114155 17
1731871076197 0.0019811121746897697 18
1731871077761 0.0019974317401647568 19
1731871079083 0.0024867982137948275 20
1731871080500 0.0024202270433306694 21
1731871082194 0.0028532594442367554 22
1731871083810 0.0028547956608235836 23
1731871085723 0.0018662021029740572 24
1731871087599 0.0027466572355479 25
1731871089880 0.0026983923744410276 26
1731871091446 0.0018334456253796816 27
1731871093130 0.0024820570833981037 28
1731871094658 0.0017335679149255157 29
1731871095791 0.0023628741037100554 30
1731871097002 0.002235936466604471 31
1731871098009 0.0018567406805232167 32
1731871099340 0.0016230684705078602 33
1731871100391 0.0017134061781689525 34
1731871101368 0.0023873145692050457 35
1731871102446 0.0017137393588200212 36
1731871103489 0.0021434652153402567 37
1731871104878 0.0020412730518728495 38
1731871105968 0.0025538501795381308 39
1731871107072 0.0017238339642062783 40
1731871108404 0.0018285081023350358 41
1731871109594 0.0019729379564523697 42
1731871110692 0.0016454110154882073 43
1731871111807 0.001898030866868794 44
1731871112860 0.002107239793986082 45
1731871113906 0.001375159714370966 46
1731871115332 0.0019014737335965037 47
1731871116399 0.0022718762047588825 48
1731871117535 0.001727553317323327 49
