1731883065785 0.047033920884132385 0
1731883066380 0.013903294689953327 1
1731883066988 0.007398039102554321 2
1731883067599 0.005538727156817913 3
1731883068053 0.004846184514462948 4
1731883068816 0.004195493180304766 5
1731883069272 0.00419572414830327 6
1731883069813 0.00408759992569685 7
1731883070266 0.0034748748876154423 8
1731883070711 0.0033492264337837696 9
1731883071216 0.0035926164127886295 10
1731883071684 0.0029889221768826246 11
1731883072130 0.0032187816686928272 12
1731883072705 0.002880183281376958 13
1731883073261 0.0027231271378695965 14
1731883074023 0.002466020407155156 15
1731883074480 0.0027165445499122143 16
1731883075166 0.002802520291879773 17
1731883075646 0.0025462601333856583 18
1731883076094 0.006036623381078243 19
1731883076532 0.0038399999029934406 20
1731883076977 0.002927096327766776 21
1731883077688 0.0023164525628089905 22
1731883078190 0.0023136029485613108 23
1731883078642 0.0020670113153755665 24
1731883079385 0.0021855190861970186 25
1731883079848 0.002128305146470666 26
1731883080324 0.0019279528642073274 27
1731883080768 0.0019509167177602649 28
1731883081345 0.0020367742981761694 29
1731883081798 0.002021227730438113 30
1731883082249 0.002364990534260869 31
1731883082848 0.002292970195412636 32
1731883083603 0.0025285978335887194 33
1731883084048 0.001860222197137773 34
1731883084484 0.0016922035720199347 35
1731883084933 0.0017016942147165537 36
1731883085397 0.0017593781230971217 37
1731883085843 0.0017097933450713754 38
1731883086281 0.0017637716373428702 39
1731883086729 0.0018590958788990974 40
1731883087168 0.002572200959548354 41
1731883087643 0.002100334968417883 42
1731883088088 0.0016972748562693596 43
1731883088525 0.0017370135756209493 44
1731883089106 0.001708552474156022 45
1731883089584 0.0015127502847462893 46
1731883090061 0.0019019648898392916 47
1731883090517 0.0014265244826674461 48
1731883090959 0.001403740025125444 49
