1731857156728 0.0891418308019638 0
1731857157449 0.018821021541953087 1
1731857158163 0.011564039625227451 2
1731857158919 0.008093895390629768 3
1731857159521 0.01303906086832285 4
1731857160147 0.008249434642493725 5
1731857160962 0.006253936793655157 6
1731857161593 0.006213846616446972 7
1731857162227 0.005591564811766148 8
1731857162943 0.005473157856613398 9
1731857163666 0.006988117471337318 10
1731857164394 0.0043118796311318874 11
1731857165013 0.00406586192548275 12
1731857165733 0.004662822466343641 13
1731857166715 0.0039761923253536224 14
1731857167344 0.00394092733040452 15
1731857168076 0.0035533185582607985 16
1731857168687 0.0036355529446154833 17
1731857169319 0.0032585845328867435 18
1731857169962 0.0034996725153177977 19
1731857170694 0.0032582939602434635 20
1731857171322 0.004137360956519842 21
1731857171941 0.004227114841341972 22
1731857172548 0.006454966962337494 23
1731857173208 0.0030800774693489075 24
1731857173845 0.0038001236971467733 25
1731857174471 0.003290029941126704 26
1731857175281 0.0032280434388667345 27
1731857175906 0.003056167857721448 28
1731857176502 0.003597410162910819 29
1731857177377 0.0036484566517174244 30
1731857178127 0.003317164024338126 31
1731857178747 0.00293830712325871 32
1731857179343 0.0035777136217802763 33
1731857179988 0.002885509515181184 34
1731857180586 0.0030133980326354504 35
1731857181204 0.002915932098403573 36
1731857181812 0.002765848534181714 37
1731857182455 0.004133276641368866 38
1731857183060 0.003332528518512845 39
1731857183777 0.0038158665411174297 40
1731857184370 0.003106439718976617 41
1731857185016 0.0058458112180233 42
1731857185622 0.005378630943596363 43
1731857186442 0.002733709290623665 44
1731857187091 0.0027091186493635178 45
1731857187692 0.003374844091013074 46
1731857188320 0.0026972671039402485 47
1731857188945 0.0028002725448459387 48
1731857189607 0.002898055361583829 49
