1731858844808 0.10491777211427689 0
1731858845555 0.01243397407233715 1
1731858846046 0.010911877267062664 2
1731858846532 0.0060606785118579865 3
1731858847021 0.013558736070990562 4
1731858847619 0.004369285888969898 5
1731858848110 0.005086520221084356 6
1731858848686 0.0034700895193964243 7
1731858849516 0.0048625594936311245 8
1731858850012 0.008158056996762753 9
1731858850590 0.003247530898079276 10
1731858851074 0.003027304308488965 11
1731858851560 0.0027950166258960962 12
1731858852069 0.0058816587552428246 13
1731858852558 0.0030368431471288204 14
1731858853049 0.002838178537786007 15
1731858853541 0.003752930322661996 16
1731858854041 0.0027518332935869694 17
1731858854537 0.002927865833044052 18
1731858855017 0.003167378017678857 19
1731858855505 0.0028850920498371124 20
1731858856088 0.004437687341123819 21
1731858856596 0.00311328936368227 22
1731858857081 0.002435901667922735 23
1731858857571 0.002731138840317726 24
1731858858051 0.0032273498363792896 25
1731858858544 0.0024457841645926237 26
1731858859132 0.002670393092557788 27
1731858859618 0.0030143281910568476 28
1731858860111 0.002564493101090193 29
1731858860596 0.0031161149963736534 30
1731858861263 0.002450598869472742 31
1731858861832 0.0022696719970554113 32
1731858862319 0.0026078890077769756 33
1731858862803 0.0022964347153902054 34
1731858863310 0.003332601161673665 35
1731858863801 0.002128383843228221 36
1731858864296 0.00242289574816823 37
1731858864784 0.002154469955712557 38
1731858865274 0.002095042960718274 39
1731858865782 0.0025509006809443235 40
1731858866266 0.0022947301622480154 41
1731858866757 0.0020746702793985605 42
1731858867248 0.0022323117591440678 43
1731858867735 0.0029213903471827507 44
1731858868249 0.0022230208851397038 45
1731858868740 0.0023431882727891207 46
1731858869228 0.0023663360625505447 47
1731858869721 0.0020446963608264923 48
1731858870227 0.0018331512110307813 49
