1731891355630 0.016574399545788765 0
1731891356291 0.006769295781850815 1
1731891356908 0.00608499301597476 2
1731891357523 0.0041919611394405365 3
1731891358037 0.0036621708422899246 4
1731891358586 0.0036728153936564922 5
1731891359109 0.0035978492815047503 6
1731891359724 0.0033287510741502047 7
1731891360293 0.002995153423398733 8
1731891360840 0.003209704300388694 9
1731891361528 0.003212918760254979 10
1731891362053 0.0021922097075730562 11
1731891362575 0.002531177131459117 12
1731891363238 0.002967796754091978 13
1731891363754 0.002694763010367751 14
1731891364263 0.0026364107616245747 15
1731891364832 0.002386470092460513 16
1731891365382 0.0020034234039485455 17
1731891366011 0.0023017649073153734 18
1731891366533 0.001973214792087674 19
1731891367066 0.0022397886496037245 20
1731891367601 0.002139991382136941 21
1731891368121 0.0021817409433424473 22
1731891368640 0.0017750862753018737 23
1731891369160 0.0018984461203217506 24
1731891369717 0.0018210328416898847 25
1731891370257 0.001867410377599299 26
1731891371052 0.0020312690176069736 27
1731891371572 0.001865506637841463 28
1731891372112 0.0017311396077275276 29
1731891372639 0.001834389055147767 30
1731891373162 0.0019274988444522023 31
1731891373685 0.0017476145876571536 32
1731891374207 0.0018467521294951439 33
1731891374770 0.0016918451292440295 34
1731891375294 0.0016638411907479167 35
1731891375861 0.0017393892630934715 36
1731891376381 0.001866754493676126 37
1731891377040 0.0014024587580934167 38
1731891377563 0.0015390486223623157 39
1731891378086 0.001529254368506372 40
1731891378608 0.0017217322019860148 41
1731891379167 0.0015869359485805035 42
1731891379683 0.0016940636560320854 43
1731891380245 0.0018822794081643224 44
1731891380898 0.0015026055043563247 45
1731891381499 0.001466949936002493 46
1731891382023 0.0015958264702931046 47
1731891382552 0.00176891905721277 48
1731891383084 0.0013758707791566849 49
