1731853076113 0.16721822321414948 0
1731853076757 0.1672181934118271 1
1731853077265 0.1672181785106659 2
1731853077760 0.16721822321414948 3
1731853078292 0.16721820831298828 4
1731853078782 0.16721820831298828 5
1731853079291 0.1672181934118271 6
1731853079788 0.1672181785106659 7
1731853080347 0.1672181934118271 8
1731853080837 0.16721820831298828 9
1731853081351 0.16721820831298828 10
1731853081848 0.1672181785106659 11
1731853082358 0.1672181934118271 12
1731853082880 0.1672181934118271 13
1731853083394 0.1672181785106659 14
1731853083899 0.1672181934118271 15
1731853084416 0.16721820831298828 16
1731853084940 0.16721820831298828 17
1731853085451 0.16721822321414948 18
1731853085952 0.1672181934118271 19
1731853086469 0.1672181934118271 20
1731853086963 0.1672181785106659 21
1731853087646 0.16721822321414948 22
1731853088142 0.1672181934118271 23
1731853088654 0.16721820831298828 24
1731853089155 0.1672181934118271 25
1731853089682 0.16721822321414948 26
1731853090174 0.1672181636095047 27
1731853090683 0.1672181934118271 28
1731853091178 0.16721820831298828 29
1731853091688 0.1672181785106659 30
1731853092205 0.16721825301647186 31
1731853092723 0.1672181934118271 32
1731853093220 0.16721820831298828 33
1731853093733 0.1672181785106659 34
1731853094259 0.16721820831298828 35
1731853094763 0.1672181934118271 36
1731853095277 0.16721822321414948 37
1731853095773 0.1672181785106659 38
1731853096278 0.1672181934118271 39
1731853096802 0.16721822321414948 40
1731853097307 0.1672181934118271 41
1731853097806 0.16721822321414948 42
1731853098476 0.16721820831298828 43
1731853099005 0.1672181934118271 44
1731853099532 0.16721820831298828 45
1731853100031 0.16721820831298828 46
1731853100546 0.16721820831298828 47
1731853101091 0.16721823811531067 48
1731853101621 0.1672181934118271 49
