1731882550847 0.021511854603886604 0
1731882552430 0.012317081913352013 1
1731882553989 0.007087749894708395 2
1731882555577 0.0075416867621243 3
1731882556976 0.008065631613135338 4
1731882558353 0.00275618233717978 5
1731882560151 0.0031379531137645245 6
1731882561543 0.005682437680661678 7
1731882562924 0.002947468776255846 8
1731882564339 0.002196498913690448 9
1731882565892 0.001985669368878007 10
1731882567249 0.005006799474358559 11
1731882568654 0.0019703852012753487 12
1731882570104 0.0015950036467984319 13
1731882571517 0.002958242781460285 14
1731882572939 0.0033335781190544367 15
1731882574883 0.0013795011909678578 16
1731882576393 0.003371892496943474 17
1731882577881 0.0016400945605710149 18
1731882579383 0.0017864974215626717 19
1731882580856 0.003655767999589443 20
1731882582273 0.003005609381943941 21
1731882583692 0.0015679991338402033 22
1731882585109 0.0032817358151078224 23
1731882586527 0.0013147229328751564 24
1731882587923 0.0032412088476121426 25
1731882589343 0.0019695644732564688 26
1731882591191 0.0014718741877004504 27
1731882592630 0.002396796829998493 28
1731882594047 0.0021017054095864296 29
1731882595669 0.0021641927305608988 30
1731882597059 0.0021981638856232166 31
1731882598474 0.0010649291798472404 32
1731882599894 0.002201726194471121 33
1731882601328 0.0016112059820443392 34
1731882603107 0.0013403440825641155 35
1731882604698 0.0025543507654219866 36
1731882606139 0.0013013147981837392 37
1731882607735 0.0014415046898648143 38
1731882609122 0.001895033405162394 39
1731882610741 0.001298667280934751 40
1731882612142 0.0021063003223389387 41
1731882613735 0.001287318766117096 42
1731882615194 0.0027049256023019552 43
1731882616586 0.001159688807092607 44
1731882617998 0.002038433449342847 45
1731882619969 0.001685356954112649 46
1731882621381 0.0018079564906656742 47
1731882622806 0.0014374847523868084 48
1731882624571 0.0016058521578088403 49
