1731875688865 0.018628153949975967 0
1731875689929 0.0036212466657161713 1
1731875690949 0.0029679136350750923 2
1731875692001 0.0025568525306880474 3
1731875693096 0.002167344791814685 4
1731875694322 0.0022615748457610607 5
1731875695236 0.002586327027529478 6
1731875696211 0.002382540376856923 7
1731875697163 0.002435906557366252 8
1731875698075 0.0018960406305268407 9
1731875699156 0.0022909778635948896 10
1731875700076 0.002132533583790064 11
1731875701052 0.0019654082134366035 12
1731875701973 0.002285253256559372 13
1731875702889 0.0018519072327762842 14
1731875703998 0.0022057490423321724 15
1731875704915 0.0018993585836142302 16
1731875706028 0.0017359366174787283 17
1731875707065 0.0017831517616286874 18
1731875708068 0.001605767640285194 19
1731875708988 0.0016290150815621018 20
1731875709903 0.0017779647605493665 21
1731875710846 0.0018646776443347335 22
1731875711815 0.001652487670071423 23
1731875712772 0.0017111803172156215 24
1731875713695 0.0016955711180344224 25
1731875714655 0.0016496666939929128 26
1731875715771 0.001628919504582882 27
1731875716700 0.0016748711932450533 28
1731875717787 0.0015208437107503414 29
1731875718719 0.0019632030744105577 30
1731875719671 0.0016499622724950314 31
1731875720704 0.0016310892533510923 32
1731875721637 0.0017422792734578252 33
1731875722755 0.0015289908042177558 34
1731875723690 0.001577802817337215 35
1731875724771 0.0014831945300102234 36
1731875725695 0.001565680606290698 37
1731875726816 0.00155819661449641 38
1731875727748 0.001532203983515501 39
1731875728719 0.0015861220890656114 40
1731875729723 0.001325450255535543 41
1731875730760 0.0014557384420186281 42
1731875731726 0.0015356938820332289 43
1731875732752 0.001459644758142531 44
1731875733743 0.0013826002832502127 45
1731875734720 0.0015562836779281497 46
1731875735655 0.001330682309344411 47
1731875736626 0.001380882109515369 48
1731875737607 0.0013679156545549631 49
