1731796742638 0.03969743847846985 0
1731796743348 0.015571722760796547 1
1731796743918 0.017571086063981056 2
1731796744582 0.0049169003032147884 3
1731796745218 0.002469416707754135 4
1731796745818 0.002654982265084982 5
1731796746628 0.002251321915537119 6
1731796747188 0.002647841814905405 7
1731796747754 0.0017735859146341681 8
1731796748343 0.0020628960337489843 9
1731796748908 0.0015655822353437543 10
1731796749469 0.001921033370308578 11
1731796750029 0.0018398750107735395 12
1731796750618 0.002486240351572633 13
1731796751181 0.0016649431781843305 14
1731796751827 0.001917932997457683 15
1731796752481 0.0019398934673517942 16
1731796753132 0.0022080051712691784 17
1731796753685 0.001690584933385253 18
1731796754222 0.001951597398146987 19
1731796754788 0.0015825391747057438 20
1731796755330 0.0016232265625149012 21
1731796755879 0.0015020385617390275 22
1731796756564 0.002191011095419526 23
1731796757139 0.0017393900780007243 24
1731796757682 0.0017498029628768563 25
1731796758230 0.0013780792942270637 26
1731796758769 0.0014419704675674438 27
1731796759354 0.0016545008402317762 28
1731796759899 0.001586084719747305 29
