1731857832361 0.0811438038945198 0
1731857833047 0.015322957187891006 1
1731857833614 0.015893081203103065 2
1731857834271 0.006788668222725391 3
1731857834902 0.005293542984873056 4
1731857835807 0.004615600686520338 5
1731857836879 0.0042269486002624035 6
1731857837689 0.00399974687024951 7
1731857838337 0.004397822543978691 8
1731857839322 0.00433831661939621 9
1731857840226 0.003872235305607319 10
1731857841006 0.0035606445744633675 11
1731857841698 0.003389788093045354 12
1731857842445 0.0032068872824311256 13
1731857843021 0.0032312467228621244 14
1731857843886 0.00397466542199254 15
1731857844644 0.0034827194176614285 16
1731857845272 0.0031581588555127382 17
1731857845873 0.0034295227378606796 18
1731857846689 0.003824010258540511 19
1731857847324 0.004899343475699425 20
1731857847894 0.010284178890287876 21
1731857848594 0.0031131096184253693 22
1731857849247 0.003124855924397707 23
1731857849925 0.002894416218623519 24
1731857850713 0.00273693073540926 25
1731857851581 0.003444012952968478 26
1731857852634 0.0044725495390594006 27
1731857853519 0.0026061940006911755 28
1731857854785 0.0027696324978023767 29
1731857855885 0.0025230487808585167 30
1731857856698 0.002515350002795458 31
1731857857364 0.002342318184673786 32
1731857858021 0.002389776287600398 33
1731857858703 0.0022432676050812006 34
1731857859536 0.0023089302703738213 35
1731857860167 0.0024263551458716393 36
1731857860727 0.003987903241068125 37
1731857861507 0.0023981842678040266 38
1731857862113 0.002245921641588211 39
1731857862712 0.0024115294218063354 40
1731857863334 0.0026182052679359913 41
1731857864210 0.0027288382407277822 42
1731857864869 0.0021060991566628218 43
1731857866530 0.001995489466935396 44
1731857867418 0.00212004198692739 45
1731857868315 0.0033719446510076523 46
1731857869110 0.002125656697899103 47
1731857869850 0.002771826693788171 48
1731857870493 0.002086163964122534 49
