1731859073049 0.1191367581486702 0
1731859073672 0.038355812430381775 1
1731859074159 0.040166936814785004 2
1731859074646 0.02205566130578518 3
1731859075134 0.015469834208488464 4
1731859075745 0.008748465217649937 5
1731859076425 0.005750606302171946 6
1731859077026 0.005419058725237846 7
1731859077765 0.005143547430634499 8
1731859078269 0.005117184016853571 9
1731859078851 0.005117456428706646 10
1731859079352 0.004926138557493687 11
1731859079842 0.004577213432639837 12
1731859080454 0.004646928049623966 13
1731859080940 0.004388921428471804 14
1731859081438 0.004134004469960928 15
1731859081933 0.004237847868353128 16
1731859082529 0.004162926692515612 17
1731859083024 0.004054517950862646 18
1731859083511 0.004177965689450502 19
1731859084096 0.0036588360089808702 20
1731859084591 0.0037462895270437002 21
1731859085202 0.003526157233864069 22
1731859085691 0.003650653874501586 23
1731859086184 0.003449832322075963 24
1731859086675 0.0033412484917789698 25
1731859087414 0.0033490995410829782 26
1731859088000 0.0033652554266154766 27
1731859088586 0.0032934490591287613 28
1731859089079 0.003737532300874591 29
1731859089592 0.003411262994632125 30
1731859090185 0.0031740383710712194 31
1731859090667 0.0030590605456382036 32
1731859091155 0.0029210548382252455 33
1731859091746 0.0029637718107551336 34
1731859092235 0.0030873294454067945 35
1731859092725 0.0035898578353226185 36
1731859093221 0.003027409315109253 37
1731859093718 0.0031433783005923033 38
1731859094261 0.0028549337293952703 39
1731859094857 0.0027125426568090916 40
1731859095573 0.002807436278089881 41
1731859096109 0.002596686128526926 42
1731859096630 0.0027614706195890903 43
1731859097123 0.0026237396523356438 44
1731859097612 0.0026800932828336954 45
1731859098099 0.0025280590634793043 46
1731859098598 0.002691988367587328 47
1731859099060 0.0029102307744324207 48
1731859099553 0.0030930473003536463 49
