1731866725388 0.06144817918539047 0
1731866726048 0.009009027853608131 1
1731866726643 0.006065296940505505 2
1731866727212 0.00384651985950768 3
1731866727774 0.004036222584545612 4
1731866728322 0.006545634474605322 5
1731866728978 0.003502233186736703 6
1731866729687 0.0033636854495853186 7
1731866730270 0.0028473464772105217 8
1731866730837 0.003246032865718007 9
1731866731385 0.004430471919476986 10
1731866731975 0.003147655865177512 11
1731866732738 0.003391497302800417 12
1731866733289 0.003237346652895212 13
1731866733991 0.0030737612396478653 14
1731866734562 0.003062811214476824 15
1731866735108 0.002591978292912245 16
1731866735672 0.0037513254210352898 17
1731866736256 0.0035865595564246178 18
1731866736832 0.0026721542235463858 19
1731866737534 0.0025024190545082092 20
1731866738086 0.0030532004311680794 21
1731866738691 0.0023534554056823254 22
1731866739236 0.0028060139156877995 23
1731866739812 0.00268275267444551 24
1731866740362 0.0027104283217340708 25
1731866740973 0.002328832633793354 26
1731866741645 0.002919162856414914 27
1731866742192 0.0035587381571531296 28
1731866742922 0.002579408697783947 29
1731866743529 0.002888014540076256 30
1731866744095 0.0032212091609835625 31
1731866744663 0.002276038285344839 32
1731866745264 0.00461590476334095 33
1731866745869 0.004642867017537355 34
1731866746434 0.0027462951838970184 35
1731866747093 0.003414928214624524 36
1731866747653 0.0024010958150029182 37
1731866748322 0.0021223537623882294 38
1731866748946 0.0021894376259297132 39
1731866749642 0.0017572243232280016 40
1731866750240 0.0020822666119784117 41
1731866750818 0.0021178708411753178 42
1731866751408 0.003010109066963196 43
1731866752091 0.002413378795608878 44
1731866752689 0.0021259631030261517 45
1731866753236 0.0025500361807644367 46
1731866753811 0.0022068549878895283 47
1731866754395 0.0019893066491931677 48
1731866755000 0.002531898906454444 49
