1731857326085 0.2004617154598236 0
1731857326783 0.07241599261760712 1
1731857327601 0.035032931715250015 2
1731857329048 0.027102090418338776 3
1731857329922 0.01604914292693138 4
1731857330574 0.011894415132701397 5
1731857332081 0.010509350337088108 6
1731857333006 0.011724541895091534 7
1731857333583 0.01037090178579092 8
1731857334236 0.024075299501419067 9
1731857334888 0.029021676629781723 10
1731857335881 0.013756557367742062 11
1731857336471 0.028684228658676147 12
1731857337027 0.013802110217511654 13
1731857337643 0.008785171434283257 14
1731857338321 0.007862973026931286 15
1731857338938 0.00691930390894413 16
1731857339734 0.006336062680929899 17
1731857340455 0.0057321880012750626 18
1731857341212 0.007864962331950665 19
1731857342016 0.007655882742255926 20
1731857342724 0.008167700842022896 21
1731857343452 0.008159514516592026 22
1731857344014 0.006611608900129795 23
1731857344576 0.005769317038357258 24
1731857345498 0.004800985101610422 25
1731857346149 0.006647568661719561 26
1731857346857 0.005108554847538471 27
1731857347591 0.004724293947219849 28
1731857348264 0.01742459647357464 29
1731857348803 0.012695607729256153 30
1731857349449 0.0056710392236709595 31
1731857350013 0.00557328388094902 32
1731857350555 0.006543295457959175 33
1731857351190 0.0073380605317652225 34
1731857351914 0.012804677709937096 35
1731857352554 0.0063995420932769775 36
1731857353155 0.005383072886615992 37
1731857353925 0.008316827937960625 38
1731857354529 0.016107546165585518 39
1731857355084 0.007591980043798685 40
1731857355843 0.005440719425678253 41
1731857356577 0.005547433625906706 42
1731857357542 0.004736674018204212 43
1731857358142 0.0051337117329239845 44
1731857358683 0.005221301224082708 45
1731857359273 0.005192880518734455 46
1731857360042 0.0040580397471785545 47
1731857360729 0.0048268940299749374 48
1731857361362 0.009583848528563976 49
