1731859484870 0.46130067110061646 0
1731859485494 0.19517944753170013 1
1731859486099 0.07955620437860489 2
1731859486700 0.04220493137836456 3
1731859487247 0.02677672728896141 4
1731859487830 0.018479714170098305 5
1731859488473 0.01695319265127182 6
1731859488972 0.013517085462808609 7
1731859489502 0.014923783019185066 8
1731859490010 0.02566007524728775 9
1731859490735 0.014561258256435394 10
1731859491236 0.015468250960111618 11
1731859491765 0.01261582225561142 12
1731859492368 0.010932786390185356 13
1731859492974 0.008196944370865822 14
1731859493478 0.010398230515420437 15
1731859494001 0.011951944790780544 16
1731859494504 0.025806866586208344 17
1731859495000 0.011391016654670238 18
1731859495514 0.0076673878356814384 19
1731859496019 0.006980359088629484 20
1731859496547 0.0071464464999735355 21
1731859497143 0.006717212963849306 22
1731859497657 0.009006916545331478 23
1731859498155 0.007486272137612104 24
1731859498689 0.006629658862948418 25
1731859499446 0.006587240844964981 26
1731859499955 0.005845366045832634 27
1731859500475 0.007442825939506292 28
1731859501002 0.008928448893129826 29
1731859501508 0.010945082642138004 30
1731859502003 0.009613381698727608 31
1731859502502 0.006727494299411774 32
1731859503016 0.010572138242423534 33
1731859503524 0.007565715350210667 34
1731859504023 0.005284632556140423 35
1731859504539 0.00831022672355175 36
1731859505052 0.0071699293330311775 37
1731859505578 0.004876438528299332 38
1731859506152 0.005447664298117161 39
1731859506654 0.006708982400596142 40
1731859507249 0.005689229350537062 41
1731859507786 0.006589355878531933 42
1731859508291 0.008858127519488335 43
1731859508809 0.009077377617359161 44
1731859509313 0.006231107283383608 45
1731859509847 0.006857979577034712 46
1731859510352 0.005361091811209917 47
1731859511006 0.00411543995141983 48
1731859511509 0.005355405621230602 49
