1731881573262 0.05563044548034668 0
1731881573735 0.006106408778578043 1
1731881574206 0.003937220200896263 2
1731881574536 0.005014763679355383 3
1731881574860 0.0063972799107432365 4
1731881575329 0.0028067154344171286 5
1731881575825 0.0025796934496611357 6
1731881576450 0.003026671940460801 7
1731881576772 0.0025636337231844664 8
1731881577101 0.002047101268544793 9
1731881577421 0.002007825532928109 10
1731881577984 0.0019309658091515303 11
1731881578407 0.00231025367975235 12
1731881578746 0.001994076883420348 13
1731881579214 0.0019223708659410477 14
1731881579538 0.0018342557596042752 15
1731881579866 0.002337672747671604 16
1731881580198 0.0018294210312888026 17
1731881580515 0.0020089263562113047 18
1731881580979 0.0017129656625911593 19
1731881581316 0.0016741836443543434 20
1731881581636 0.0016606590943410993 21
1731881581953 0.0017985423328354955 22
1731881582281 0.001562604564242065 23
1731881582609 0.0015441273571923375 24
1731881582933 0.0014818793861195445 25
1731881583570 0.0014612619997933507 26
1731881584020 0.001919390051625669 27
1731881584337 0.0018594375578686595 28
1731881584646 0.0014920089161023498 29
1731881585093 0.001609726226888597 30
1731881585556 0.0014918860979378223 31
1731881585943 0.0016613967018201947 32
1731881586275 0.0015890259528532624 33
1731881586596 0.0013411224354058504 34
1731881586914 0.0015250786673277617 35
1731881587229 0.0014122467255219817 36
1731881587559 0.001347580342553556 37
1731881587877 0.0014673155965283513 38
1731881588222 0.0013039704645052552 39
1731881588673 0.001214785734191537 40
1731881589001 0.0014095725491642952 41
1731881589609 0.0012415825622156262 42
1731881589930 0.0015030651120468974 43
1731881590255 0.001364462310448289 44
1731881590596 0.0012841203715652227 45
1731881590919 0.0021723536774516106 46
1731881591244 0.0023080063983798027 47
1731881591565 0.0015023279702290893 48
1731881591893 0.0012852163054049015 49
