1731861557193 0.10408157110214233 0
1731861557876 0.04069386422634125 1
1731861558563 0.02393227443099022 2
1731861559226 0.016592951491475105 3
1731861559882 0.013575008139014244 4
1731861560431 0.013041935861110687 5
1731861561255 0.010172218084335327 6
1731861561802 0.009865564294159412 7
1731861562469 0.008136946707963943 8
1731861563030 0.015099306590855122 9
1731861563573 0.009129106067121029 10
1731861564235 0.006834573578089476 11
1731861565052 0.0062080561183393 12
1731861565617 0.006404383108019829 13
1731861566158 0.007222357206046581 14
1731861566698 0.008731597103178501 15
1731861567363 0.005022287368774414 16
1731861568196 0.005085333716124296 17
1731861568775 0.004644180182367563 18
1731861569321 0.0047815339639782906 19
1731861569870 0.0045087640173733234 20
1731861570436 0.005806849803775549 21
1731861570974 0.004711897578090429 22
1731861571513 0.004476091358810663 23
1731861572050 0.0052482569590210915 24
1731861572620 0.011396689340472221 25
1731861573159 0.0057271188125014305 26
1731861573696 0.004991139750927687 27
1731861574233 0.003610762069001794 28
1731861574925 0.0037785768508911133 29
1731861575473 0.0036366188433021307 30
1731861576016 0.005634515080600977 31
1731861576560 0.007067052647471428 32
1731861577126 0.004598274827003479 33
1731861577669 0.0038481648080050945 34
1731861578202 0.0034697805531322956 35
1731861579044 0.0033130894880741835 36
1731861579606 0.003601382952183485 37
1731861580271 0.003069760510697961 38
1731861580929 0.0032426980324089527 39
1731861581485 0.0046005528420209885 40
1731861582174 0.0035865604877471924 41
1731861582721 0.0027920326683670282 42
1731861583257 0.002940771169960499 43
1731861584121 0.002709354041144252 44
1731861584666 0.0031628990545868874 45
1731861585215 0.0029101758264005184 46
1731861585764 0.0026416631881147623 47
1731861586324 0.004881303291767836 48
1731861586865 0.0033646717201918364 49
