1731880894232 0.04136105254292488 0
1731880894695 0.01662430167198181 1
1731880895209 0.008317678235471249 2
1731880895718 0.008358362130820751 3
1731880896168 0.006620604544878006 4
1731880896596 0.005699523258954287 5
1731880896921 0.005559162236750126 6
1731880897241 0.005517594516277313 7
1731880897815 0.004230113700032234 8
1731880898370 0.003960113041102886 9
1731880898805 0.0036981836892664433 10
1731880899135 0.0048957024700939655 11
1731880899455 0.0037478143349289894 12
1731880900068 0.003824754385277629 13
1731880900406 0.003378388239070773 14
1731880900745 0.0035377165768295527 15
1731880901065 0.0032147264573723078 16
1731880901385 0.0033521337900310755 17
1731880901704 0.003040505573153496 18
1731880902030 0.0032835034653544426 19
1731880902352 0.0031116819009184837 20
1731880902688 0.002853298792615533 21
1731880903031 0.0030261653009802103 22
1731880903352 0.0029285254422575235 23
1731880903675 0.0025450463872402906 24
1731880903993 0.0028399848379194736 25
1731880904314 0.0024364807177335024 26
1731880904627 0.0025186690036207438 27
1731880904962 0.0026043031830340624 28
1731880905293 0.002810507547110319 29
1731880905616 0.0024128758814185858 30
1731880905935 0.002323135267943144 31
1731880906255 0.0021624381188303232 32
1731880906574 0.002231989521533251 33
1731880906892 0.0023880626540631056 34
1731880907238 0.002163168042898178 35
1731880907695 0.002251054160296917 36
1731880908019 0.002201261930167675 37
1731880908342 0.0018571774708107114 38
1731880908666 0.0022471051197499037 39
1731880908986 0.0023187599144876003 40
1731880909307 0.001973964972421527 41
1731880909650 0.002193523570895195 42
1731880910222 0.0019065483938902617 43
1731880910547 0.0020354820881038904 44
1731880910909 0.0017848499119281769 45
1731880911250 0.0017415512120351195 46
1731880911681 0.0020511439070105553 47
1731880912031 0.0019948510453104973 48
1731880912358 0.002161631127819419 49
