1731851232752 0.18071573972702026 0
1731851234206 0.17220430076122284 1
1731851235319 0.16889040172100067 2
1731851236114 0.08450047671794891 3
1731851236828 0.0212266705930233 4
1731851237515 0.011070751585066319 5
1731851238242 0.018226854503154755 6
1731851238844 0.018051229417324066 7
1731851239410 0.010403770953416824 8
1731851239982 0.004165700636804104 9
1731851240550 0.004666138906031847 10
1731851241120 0.005509472452104092 11
1731851241805 0.006970413960516453 12
1731851242357 0.006573496852070093 13
1731851242886 0.003868133295327425 14
1731851243467 0.003941743168979883 15
1731851244144 0.003348428290337324 16
1731851244721 0.0036873104982078075 17
1731851245297 0.0035555302165448666 18
1731851245878 0.003309421008452773 19
1731851246548 0.003562808269634843 20
1731851247083 0.003218343947082758 21
1731851247647 0.0030015218071639538 22
1731851248519 0.002760541159659624 23
1731851249059 0.002896853256970644 24
1731851249661 0.002758733695372939 25
1731851250220 0.003075788961723447 26
1731851250917 0.003013466252014041 27
1731851251581 0.003312338376417756 28
1731851252118 0.003911064937710762 29
1731851252678 0.003605947596952319 30
1731851253239 0.002983363578096032 31
1731851253787 0.0030466916505247355 32
1731851254453 0.004173102788627148 33
1731851254992 0.003894946537911892 34
1731851255600 0.0028587596025317907 35
1731851256144 0.0026892302557826042 36
1731851256862 0.004375590942800045 37
1731851257764 0.0027938031125813723 38
1731851258414 0.0027969898656010628 39
1731851259129 0.002525022719055414 40
1731851260057 0.005470816977322102 41
1731851260749 0.0028283540159463882 42
1731851261314 0.005330029875040054 43
1731851261958 0.003302675439044833 44
1731851262547 0.003356741275638342 45
1731851263090 0.0046411603689193726 46
1731851263659 0.0025826513301581144 47
1731851264195 0.004633807111531496 48
1731851264783 0.0028700330294668674 49
