1731881274798 0.033478137105703354 0
1731881276453 0.01852276362478733 1
1731881277939 0.011760593391954899 2
1731881279595 0.0068926322273910046 3
1731881281095 0.007397219073027372 4
1731881282743 0.005756801925599575 5
1731881284251 0.0053636543452739716 6
1731881285724 0.004822306334972382 7
1731881287398 0.004468961153179407 8
1731881288918 0.003725973889231682 9
1731881290391 0.0039276680909097195 10
1731881291897 0.002886344911530614 11
1731881293362 0.0037829231005162 12
1731881294837 0.0030131672974675894 13
1731881296344 0.003070142585784197 14
1731881297840 0.002923664404079318 15
1731881299456 0.002979390788823366 16
1731881300933 0.0028211004100739956 17
1731881302431 0.002728815656155348 18
1731881304171 0.0037866837810724974 19
1731881305678 0.0018242852529510856 20
1731881307166 0.0024802798870950937 21
1731881308750 0.0017002689419314265 22
1731881310406 0.0023860912770032883 23
1731881311893 0.0027868065517395735 24
1731881313495 0.0019956000614911318 25
1731881315070 0.002240063389763236 26
1731881316728 0.002632257528603077 27
1731881318343 0.0022984426468610764 28
1731881319977 0.0020874864421784878 29
1731881321661 0.001986835617572069 30
1731881323185 0.0022968256380409002 31
1731881324704 0.0021066307090222836 32
1731881326214 0.0021998451557010412 33
1731881327692 0.002223309827968478 34
1731881329248 0.0019434524001553655 35
1731881330763 0.0020315106958150864 36
1731881332248 0.002126400824636221 37
1731881333791 0.0023836083710193634 38
1731881335284 0.00207530683837831 39
1731881337456 0.0017458871006965637 40
1731881338991 0.0017731270054355264 41
1731881340489 0.002025200519710779 42
1731881341998 0.0016648999880999327 43
1731881343509 0.0018027593614533544 44
1731881345024 0.001737190061248839 45
1731881346535 0.0017860147636383772 46
1731881348050 0.0020142069552093744 47
1731881349776 0.0013767705531790853 48
1731881351668 0.0019241486443206668 49
