1731859721595 0.07439032942056656 0
1731859722219 0.030100738629698753 1
1731859722822 0.01747988536953926 2
1731859723446 0.013441280461847782 3
1731859724084 0.010590341873466969 4
1731859724666 0.011394611559808254 5
1731859725166 0.00800127349793911 6
1731859725679 0.010793162509799004 7
1731859726208 0.008920392021536827 8
1731859726812 0.01287089753895998 9
1731859727324 0.0116451820358634 10
1731859727831 0.007222916930913925 11
1731859728480 0.005677858833223581 12
1731859728990 0.005851735360920429 13
1731859729547 0.005823737010359764 14
1731859730333 0.005134834907948971 15
1731859730937 0.006061493419110775 16
1731859731553 0.007238959427922964 17
1731859732063 0.007931452244520187 18
1731859732576 0.0052106427028775215 19
1731859733208 0.004884880501776934 20
1731859733710 0.0043514566496014595 21
1731859734222 0.005395662505179644 22
1731859734843 0.003956605680286884 23
1731859735458 0.003910528030246496 24
1731859735973 0.004065812565386295 25
1731859736483 0.0040490152314305305 26
1731859737260 0.003827992593869567 27
1731859737785 0.0036247766111046076 28
1731859738285 0.003815622767433524 29
1731859738793 0.004865291528403759 30
1731859739297 0.0031391787342727184 31
1731859739940 0.003413911210373044 32
1731859740471 0.0034491103142499924 33
1731859740976 0.003856249153614044 34
1731859741489 0.0033265354577451944 35
1731859742020 0.003290704917162657 36
1731859742544 0.0034302205312997103 37
1731859743052 0.0030974335968494415 38
1731859743566 0.003832576097920537 39
1731859744095 0.005358411464840174 40
1731859744614 0.009586144238710403 41
1731859745128 0.003099661087617278 42
1731859745737 0.003001968841999769 43
1731859746267 0.0028354537207633257 44
1731859746780 0.002955162897706032 45
1731859747294 0.005064701661467552 46
1731859747797 0.00387017335742712 47
1731859748314 0.003075965913012624 48
1731859749113 0.0027374140918254852 49
