1731853633311 0.09437411278486252 0
1731853633955 0.08065877854824066 1
1731853634473 0.08072234690189362 2
1731853635002 0.055247414857149124 3
1731853635620 0.07022092491388321 4
1731853636133 0.050505928695201874 5
1731853636648 0.05589243769645691 6
1731853637185 0.0497298538684845 7
1731853637699 0.04634740948677063 8
1731853638207 0.04012991115450859 9
1731853638715 0.03647550567984581 10
1731853639360 0.032806094735860825 11
1731853639869 0.02990252897143364 12
1731853640377 0.029881885275244713 13
1731853640886 0.027479344978928566 14
1731853641396 0.02580074965953827 15
1731853641908 0.024032998830080032 16
1731853642418 0.019782425835728645 17
1731853643171 0.020824313163757324 18
1731853643825 0.01848030835390091 19
1731853644344 0.02090148627758026 20
1731853644866 0.018094446510076523 21
1731853645375 0.016481736674904823 22
1731853646041 0.015272806398570538 23
1731853646558 0.015483461320400238 24
1731853647189 0.014090372249484062 25
1731853647802 0.013165495358407497 26
1731853648614 0.01489296555519104 27
1731853649129 0.01261619571596384 28
1731853649644 0.013322029262781143 29
1731853650156 0.012056298553943634 30
1731853650691 0.011338610202074051 31
1731853651196 0.010166131891310215 32
1731853651696 0.010696854442358017 33
1731853652220 0.012939907610416412 34
1731853652739 0.009672597050666809 35
1731853653271 0.010537168011069298 36
1731853653788 0.009783871471881866 37
1731853654298 0.009374022483825684 38
1731853654811 0.009648880921304226 39
1731853655328 0.008545824326574802 40
1731853655954 0.00943727232515812 41
1731853656472 0.009021786972880363 42
1731853656986 0.008713100105524063 43
1731853657600 0.007884581573307514 44
1731853658117 0.007160404697060585 45
1731853658627 0.008551472797989845 46
1731853659137 0.00839648861438036 47
1731853659930 0.006983368657529354 48
1731853660448 0.006928008049726486 49
