1731858205622 0.19737792015075684 0
1731858206246 0.06799816340208054 1
1731858206858 0.034785643219947815 2
1731858207458 0.0208169873803854 3
1731858208047 0.01651168242096901 4
1731858208647 0.014710628427565098 5
1731858209174 0.011351997964084148 6
1731858209685 0.013714751228690147 7
1731858210187 0.02066652849316597 8
1731858210775 0.009892236441373825 9
1731858211321 0.009407552890479565 10
1731858211983 0.008600632660090923 11
1731858212506 0.011188437230885029 12
1731858213005 0.011521012522280216 13
1731858213561 0.0075210947543382645 14
1731858214147 0.00688012083992362 15
1731858214660 0.006772116292268038 16
1731858215151 0.006258396431803703 17
1731858215813 0.008740853518247604 18
1731858216338 0.006518303882330656 19
1731858216845 0.006723819300532341 20
1731858217454 0.006488671991974115 21
1731858217964 0.006054056342691183 22
1731858218578 0.005172409117221832 23
1731858219074 0.005847865715622902 24
1731858219588 0.005523796658962965 25
1731858220188 0.007443711161613464 26
1731858220719 0.013178129680454731 27
1731858221233 0.007519599050283432 28
1731858221738 0.007051626220345497 29
1731858222248 0.005921436008065939 30
1731858222772 0.009644354693591595 31
1731858223451 0.006851020269095898 32
1731858223952 0.0053440299816429615 33
1731858224471 0.006078454665839672 34
1731858224993 0.007554260548204184 35
1731858225517 0.005273423157632351 36
1731858226013 0.008508832193911076 37
1731858226520 0.007656795904040337 38
1731858227027 0.007120189256966114 39
1731858227563 0.005111913196742535 40
1731858228062 0.005164308473467827 41
1731858228583 0.0056608011946082115 42
1731858229080 0.0071564000099897385 43
1731858229617 0.008319776505231857 44
1731858230121 0.005930321756750345 45
1731858230628 0.008092973381280899 46
1731858231131 0.005903297569602728 47
1731858231665 0.005592068657279015 48
1731858232185 0.004788781516253948 49
