1731867275226 0.05960367992520332 0
1731867275835 0.012497465126216412 1
1731867276338 0.005855028983205557 2
1731867276952 0.004259082954376936 3
1731867277595 0.0033092808444052935 4
1731867278117 0.0024730050936341286 5
1731867278623 0.002787800272926688 6
1731867279137 0.0027268060948699713 7
1731867279761 0.006363346241414547 8
1731867280585 0.002279718406498432 9
1731867281092 0.0024986867792904377 10
1731867281710 0.00229941145516932 11
1731867282241 0.002059267833828926 12
1731867282749 0.0018574959831312299 13
1731867283346 0.0021769856102764606 14
1731867283858 0.001821408630348742 15
1731867284382 0.0018301799427717924 16
1731867284875 0.0018774245399981737 17
1731867285350 0.0019349013455212116 18
1731867285895 0.0016546210972592235 19
1731867286409 0.0019018817692995071 20
1731867286939 0.0017955945804715157 21
1731867287447 0.002142354380339384 22
1731867287957 0.0020476088393479586 23
1731867288507 0.0018252982990816236 24
1731867289141 0.001641956390812993 25
1731867289915 0.0015148549573495984 26
1731867290427 0.0016956011531874537 27
1731867290950 0.0017633086536079645 28
1731867291480 0.0016256916569545865 29
1731867291973 0.001815923023968935 30
1731867292443 0.00313181453384459 31
1731867292942 0.0020563665311783552 32
1731867293627 0.0016724084271118045 33
1731867294249 0.0016994484467431903 34
1731867294876 0.001443957444280386 35
1731867295371 0.0019151604501530528 36
1731867295904 0.0016422359040006995 37
1731867296414 0.0016892112325876951 38
1731867296922 0.0013603027909994125 39
1731867297437 0.0015636008465662599 40
1731867297945 0.0016693422803655267 41
1731867298693 0.001589957857504487 42
1731867299302 0.0016544800018891692 43
1731867299811 0.0015486048068851233 44
1731867300334 0.0029940251260995865 45
1731867300876 0.0014404242392629385 46
1731867301394 0.0012517641298472881 47
1731867301921 0.0014245304046198726 48
1731867302430 0.0015418396797031164 49
