1731867494333 0.055395253002643585 0
1731867495000 0.0193798765540123 1
1731867495624 0.0070151472464203835 2
1731867496270 0.006734888534992933 3
1731867496844 0.005797561723738909 4
1731867497465 0.005258047021925449 5
1731867498138 0.004780926741659641 6
1731867498795 0.004485106095671654 7
1731867499412 0.004333947319537401 8
1731867499954 0.003761270549148321 9
1731867500490 0.003665352240204811 10
1731867501326 0.003746397327631712 11
1731867501966 0.004447477404028177 12
1731867502486 0.003388694254681468 13
1731867503036 0.003912757616490126 14
1731867503596 0.005982854403555393 15
1731867504233 0.00435634795576334 16
1731867504824 0.00652758264914155 17
1731867505429 0.004458457697182894 18
1731867506002 0.0034117577597498894 19
1731867506621 0.0031539483461529016 20
1731867507163 0.003015456721186638 21
1731867507766 0.0028272138442844152 22
1731867508364 0.0033582462929189205 23
1731867508927 0.0034508192911744118 24
1731867509531 0.002843505470082164 25
1731867510073 0.002692870330065489 26
1731867510633 0.0051117935217916965 27
1731867511179 0.002985364990308881 28
1731867511711 0.0025434333365410566 29
1731867512402 0.002662544371560216 30
1731867513087 0.00261319731362164 31
1731867513611 0.0023036866914480925 32
1731867514251 0.0023150856141000986 33
1731867514770 0.0024232282303273678 34
1731867515421 0.0024522747844457626 35
1731867515980 0.002408615779131651 36
1731867516605 0.002229674020782113 37
1731867517178 0.002528854412958026 38
1731867517736 0.0021893817465752363 39
1731867518287 0.002400605473667383 40
1731867518803 0.002303042681887746 41
1731867519348 0.00218821968883276 42
1731867519983 0.0020685570780187845 43
1731867520546 0.002236004453152418 44
1731867521104 0.0020146879833191633 45
1731867521634 0.0021826010197401047 46
1731867522200 0.002084094565361738 47
1731867522726 0.00284646637737751 48
1731867523504 0.003304755548015237 49
