1731858253407 0.06721959263086319 0
1731858254037 0.021833665668964386 1
1731858254661 0.010219858027994633 2
1731858255160 0.007748050149530172 3
1731858255775 0.007018073461949825 4
1731858256437 0.006044105626642704 5
1731858257024 0.006206959020346403 6
1731858257611 0.006500539369881153 7
1731858258111 0.005493984557688236 8
1731858258653 0.005767298396676779 9
1731858259314 0.00594912376254797 10
1731858259894 0.005176438484340906 11
1731858260416 0.0088384123519063 12
1731858260923 0.007213727571070194 13
1731858261462 0.00735054723918438 14
1731858261960 0.004839968867599964 15
1731858262479 0.004380532540380955 16
1731858262976 0.00476836645975709 17
1731858263523 0.004637144505977631 18
1731858264119 0.004055307246744633 19
1731858264734 0.00420750817283988 20
1731858265247 0.0036059836857020855 21
1731858265768 0.004646129906177521 22
1731858266383 0.0036394724156707525 23
1731858266883 0.0036379764787852764 24
1731858267397 0.0035634797532111406 25
1731858267916 0.003572461660951376 26
1731858268430 0.003152830060571432 27
1731858268933 0.0032022774685174227 28
1731858269449 0.0034828989300876856 29
1731858270236 0.0032690628431737423 30
1731858270731 0.0029670600779354572 31
1731858271247 0.003023578319698572 32
1731858271745 0.003223659237846732 33
1731858272379 0.003426431678235531 34
1731858272887 0.003037403803318739 35
1731858273414 0.00419984757900238 36
1731858273923 0.003958340268582106 37
1731858274438 0.022631850093603134 38
1731858274969 0.004454677924513817 39
1731858275491 0.003313828492537141 40
1731858275996 0.003140219021588564 41
1731858276519 0.0031831564847379923 42
1731858277037 0.0030737922061234713 43
1731858277644 0.0027878321707248688 44
1731858278142 0.002911768853664398 45
1731858278663 0.0032245232723653316 46
1731858279295 0.0029114007484167814 47
1731858279802 0.0032175411470234394 48
1731858280422 0.003723597154021263 49
