1731878745053 0.07726306468248367 0
1731878745396 0.008335758000612259 1
1731878745729 0.004304058849811554 2
1731878745959 0.002944807754829526 3
1731878746306 0.0026613951195031404 4
1731878746546 0.002480909461155534 5
1731878746774 0.0023945183493196964 6
1731878747004 0.0022409241646528244 7
1731878747331 0.0019678466487675905 8
1731878747570 0.0021922998130321503 9
1731878747900 0.001949251745827496 10
1731878748217 0.0019178572110831738 11
1731878748569 0.001764496904797852 12
1731878748803 0.001829159096814692 13
1731878749031 0.002205255441367626 14
1731878749261 0.001780280377715826 15
1731878749489 0.0017108010360971093 16
1731878749818 0.0016059823101386428 17
1731878750052 0.0015461097937077284 18
1731878750513 0.001588090555742383 19
1731878750799 0.0013781713787466288 20
1731878751213 0.001498668105341494 21
1731878751456 0.0014785414095968008 22
1731878751797 0.0015258535277098417 23
1731878752032 0.0019975933246314526 24
1731878752261 0.0015377418603748083 25
1731878752491 0.0013900528429076076 26
1731878752717 0.0013231486082077026 27
1731878752941 0.0013920168858021498 28
1731878753195 0.0014270924730226398 29
1731878753426 0.0013252501375973225 30
1731878753749 0.0014171928633004427 31
1731878753979 0.0013352831592783332 32
1731878754206 0.001475994591601193 33
1731878754437 0.0014691716060042381 34
1731878754667 0.0014340407215058804 35
1731878754896 0.0013982332311570644 36
1731878755122 0.0014683583285659552 37
1731878755382 0.0012821170967072248 38
1731878755718 0.0012576024746522307 39
1731878755947 0.0015138188609853387 40
1731878756173 0.0013770575169473886 41
1731878756401 0.001301259733736515 42
1731878756635 0.0013895841548219323 43
1731878756862 0.0013685919111594558 44
1731878757196 0.0012337755179032683 45
1731878757612 0.0012620029738172889 46
1731878757845 0.0011536333477124572 47
1731878758174 0.0011361234355717897 48
1731878758403 0.0011834625620394945 49
