1731883112318 0.04098295420408249 0
1731883113380 0.011852412484586239 1
1731883114454 0.007008248474448919 2
1731883115558 0.004535469226539135 3
1731883116421 0.003739259671419859 4
1731883117502 0.004702887497842312 5
1731883118360 0.003697739215567708 6
1731883119228 0.003898431546986103 7
1731883120536 0.006610221695154905 8
1731883121336 0.004551434889435768 9
1731883122143 0.002813383238390088 10
1731883122981 0.004370710346847773 11
1731883123802 0.003649140242487192 12
1731883124613 0.002794505562633276 13
1731883125464 0.0022809815127402544 14
1731883126288 0.002205733209848404 15
1731883127093 0.0023447179701179266 16
1731883128103 0.0021018143743276596 17
1731883128915 0.002097716322168708 18
1731883129907 0.00208751461468637 19
1731883130760 0.00215898547321558 20
1731883131566 0.001929398044012487 21
1731883132400 0.0021151178516447544 22
1731883133258 0.0021282441448420286 23
1731883134163 0.0018725331174209714 24
1731883134993 0.0024953577667474747 25
1731883135844 0.002047584392130375 26
1731883136655 0.0019764797762036324 27
1731883137674 0.0017888648435473442 28
1731883138638 0.001701433677226305 29
1731883139922 0.0016979860374704003 30
1731883141132 0.0017089101020246744 31
1731883141937 0.0015100212767720222 32
1731883142781 0.0016747275367379189 33
1731883143593 0.0016709930496290326 34
1731883144403 0.0014998732367530465 35
1731883145242 0.0015145529760047793 36
1731883146242 0.0015908210771158338 37
1731883147076 0.0015484346076846123 38
1731883147896 0.0015483481111004949 39
1731883148706 0.001396516221575439 40
1731883149706 0.001495727919973433 41
1731883150526 0.0014618528075516224 42
1731883151382 0.0015587355010211468 43
1731883152230 0.0016047147801145911 44
1731883153161 0.0014925329014658928 45
1731883153999 0.0014494010247290134 46
1731883154798 0.0014351826393976808 47
1731883155609 0.002209980506449938 48
1731883156642 0.0017100756522268057 49
