1731853406245 0.12288686633110046 0
1731853406836 0.05946558713912964 1
1731853407423 0.062499918043613434 2
1731853407917 0.058065176010131836 3
1731853408433 0.06365465372800827 4
1731853408996 0.06564555317163467 5
1731853409574 0.06688468158245087 6
1731853410063 0.0591331422328949 7
1731853410584 0.06430511921644211 8
1731853411078 0.0639076754450798 9
1731853411581 0.06480546295642853 10
1731853412059 0.05592096596956253 11
1731853412557 0.046993687748909 12
1731853413049 0.06164417788386345 13
1731853413690 0.060134463012218475 14
1731853414182 0.0559847392141819 15
1731853414799 0.0499969981610775 16
1731853415319 0.0555654913187027 17
1731853415819 0.05747370794415474 18
1731853416312 0.05310295522212982 19
1731853416944 0.05473840981721878 20
1731853417457 0.04869801178574562 21
1731853418053 0.05249372497200966 22
1731853418530 0.05232231318950653 23
1731853419023 0.05274445191025734 24
1731853419516 0.04548032209277153 25
1731853420034 0.04906947910785675 26
1731853420526 0.047095201909542084 27
1731853421020 0.050816118717193604 28
1731853421509 0.0486365370452404 29
1731853422021 0.04945129528641701 30
1731853422503 0.04748348146677017 31
1731853422991 0.04868800938129425 32
1731853423484 0.046935368329286575 33
1731853423980 0.04579051584005356 34
1731853424502 0.04462013021111488 35
1731853424999 0.045656848698854446 36
1731853425501 0.04473370313644409 37
1731853425990 0.043455567210912704 38
1731853426506 0.042352475225925446 39
1731853427005 0.03859802335500717 40
1731853427549 0.04019072279334068 41
1731853428104 0.03091524727642536 42
1731853428782 0.04082842543721199 43
1731853429384 0.04257681965827942 44
1731853429876 0.038956377655267715 45
1731853430365 0.03903511166572571 46
1731853430854 0.03948848322033882 47
1731853431371 0.03541950881481171 48
1731853431865 0.03826036676764488 49
