1731877707599 0.02393997646868229 0
1731877708196 0.0058215647004544735 1
1731877708709 0.004159579519182444 2
1731877709281 0.003557028714567423 3
1731877709771 0.003558209864422679 4
1731877710257 0.0029052020981907845 5
1731877710747 0.0032285109627991915 6
1731877711260 0.0030108564533293247 7
1731877711744 0.0027364902198314667 8
1731877712233 0.0025365606416016817 9
1731877712785 0.0024747252464294434 10
1731877713369 0.0023821480572223663 11
1731877713873 0.0026678803842514753 12
1731877714364 0.0022648952435702085 13
1731877714959 0.0021321186795830727 14
1731877715453 0.002059115329757333 15
1731877715971 0.0021483032032847404 16
1731877716457 0.0022524429950863123 17
1731877717172 0.002095193136483431 18
1731877717663 0.0020647270139306784 19
1731877718183 0.0021074709948152304 20
1731877718676 0.00192938931286335 21
1731877719161 0.002006244147196412 22
1731877719738 0.0020799131598323584 23
1731877720251 0.0017119161784648895 24
1731877720741 0.0019648822490125895 25
1731877721233 0.001909711048938334 26
1731877721717 0.0019401193130761385 27
1731877722200 0.0020012869499623775 28
1731877722709 0.0017729387618601322 29
1731877723187 0.00175793981179595 30
1731877723743 0.0018489789217710495 31
1731877724229 0.0018437352264299989 32
1731877724760 0.002062872750684619 33
1731877725300 0.0018575283465906978 34
1731877725846 0.0017335579032078385 35
1731877726395 0.001786406384781003 36
1731877727190 0.0018377163214609027 37
1731877727720 0.0017282218905165792 38
1731877728251 0.0017069452442228794 39
1731877728891 0.0016852057306095958 40
1731877729406 0.0015826541930437088 41
1731877729894 0.001648732228204608 42
1731877730377 0.001704998197965324 43
1731877730869 0.0017131565837189555 44
1731877731355 0.0017584484303370118 45
1731877731866 0.0014687938382849097 46
1731877732350 0.0012907112250104547 47
1731877732831 0.0017269061645492911 48
1731877733314 0.0016053466824814677 49
