1731890536283 0.015000350773334503 0
1731890537602 0.005596300587058067 1
1731890538762 0.0021885321475565434 2
1731890539806 0.0026976128574460745 3
1731890540949 0.0021623768843710423 4
1731890541947 0.0017537923995405436 5
1731890542951 0.001921697985380888 6
1731890543983 0.0026069958694279194 7
1731890545035 0.001975240185856819 8
1731890546092 0.0020797401666641235 9
1731890547089 0.0014937026426196098 10
1731890548375 0.002097334014251828 11
1731890549391 0.0016325111500918865 12
1731890550452 0.001436592428945005 13
1731890551554 0.0013875003205612302 14
1731890552690 0.0014447546564042568 15
1731890553709 0.0015311256283894181 16
1731890554703 0.0013837211299687624 17
1731890555733 0.001214517280459404 18
1731890556812 0.0015704219695180655 19
1731890557963 0.0013663209974765778 20
1731890558979 0.0015243339585140347 21
1731890560284 0.0012223535450175405 22
1731890561294 0.001126958173699677 23
1731890562308 0.001473993994295597 24
1731890563517 0.0011650974629446864 25
1731890564522 0.0012624346418306231 26
1731890565559 0.0013641526456922293 27
1731890566633 0.0011134088272228837 28
1731890567672 0.0011188675416633487 29
1731890568724 0.001238320954144001 30
1731890569750 0.0013063277583569288 31
1731890571054 0.0012042950838804245 32
1731890572065 0.0012237289920449257 33
1731890573114 0.0010692768264561892 34
1731890574137 0.001156102865934372 35
1731890575184 0.0010471813147887588 36
1731890576346 0.0010151959722861648 37
1731890577343 0.00115190667565912 38
1731890578390 0.0015774498460814357 39
1731890579417 0.0011049120221287012 40
1731890580588 0.0010209671454504132 41
1731890581953 0.0014336954336613417 42
1731890582984 0.001171963638626039 43
1731890584113 0.0010140109807252884 44
1731890585159 0.0008731911657378078 45
1731890586167 0.0009624667000025511 46
1731890587236 0.0011557501275092363 47
1731890588279 0.0013307530898600817 48
1731890589463 0.0010320324217900634 49
