1731861162041 0.08955726772546768 0
1731861162705 0.03667707368731499 1
1731861163335 0.023474356159567833 2
1731861163850 0.013885860331356525 3
1731861164485 0.010306688956916332 4
1731861165132 0.009589891880750656 5
1731861165641 0.009321389719843864 6
1731861166309 0.007905839011073112 7
1731861167069 0.0069945203140378 8
1731861167609 0.006422312930226326 9
1731861168259 0.005985774099826813 10
1731861168757 0.007233138661831617 11
1731861169260 0.01375789288431406 12
1731861169793 0.005424662493169308 13
1731861170310 0.005452802404761314 14
1731861170818 0.004910169169306755 15
1731861171330 0.004877839703112841 16
1731861172124 0.004903893917798996 17
1731861172638 0.004509319085627794 18
1731861173436 0.0046953195706009865 19
1731861174062 0.004207482561469078 20
1731861174593 0.00384614709764719 21
1731861175105 0.0036323070526123047 22
1731861175620 0.0035571586340665817 23
1731861176130 0.003429345553740859 24
1731861176665 0.0040073455311357975 25
1731861177308 0.0032444875687360764 26
1731861177829 0.0044426871463656425 27
1731861178338 0.003528547938913107 28
1731861178873 0.004018274135887623 29
1731861179385 0.0033929776400327682 30
1731861180024 0.0029384305234998465 31
1731861180552 0.002823660848662257 32
1731861181080 0.002877829596400261 33
1731861181820 0.0031372481025755405 34
1731861182379 0.00950397178530693 35
1731861182935 0.003249318804591894 36
1731861183508 0.0026872234884649515 37
1731861184340 0.0027247057296335697 38
1731861184901 0.0027699866332113743 39
1731861185445 0.0033770869486033916 40
1731861186021 0.0032724381890147924 41
1731861186572 0.0026896551717072725 42
1731861187267 0.0024668872356414795 43
1731861187965 0.002340449020266533 44
1731861188514 0.0023578035179525614 45
1731861189200 0.0022983693052083254 46
1731861190037 0.0031220070086419582 47
1731861190605 0.0031746511813253164 48
1731861191299 0.0032907254062592983 49
