1731890612361 0.013491500169038773 0
1731890613812 0.004277429077774286 1
1731890615276 0.0024152083788067102 2
1731890616669 0.0017776121385395527 3
1731890618124 0.0023426548577845097 4
1731890619754 0.0014889390440657735 5
1731890621087 0.002218974754214287 6
1731890622521 0.0014740314800292253 7
1731890623832 0.0017973240464925766 8
1731890625143 0.001654513762332499 9
1731890626493 0.00195332826115191 10
1731890627902 0.0015347913140431046 11
1731890629298 0.0014095539227128029 12
1731890630625 0.0014393269084393978 13
1731890632097 0.001240990124642849 14
1731890633686 0.0012875443790107965 15
1731890635203 0.0012645262759178877 16
1731890636487 0.0012323097325861454 17
1731890637818 0.0011270109098404646 18
1731890639125 0.0012154423166066408 19
1731890640695 0.0011903430568054318 20
1731890642270 0.001150747062638402 21
1731890643604 0.001202042680233717 22
1731890645291 0.001234811032190919 23
1731890646641 0.0012228512205183506 24
1731890648037 0.0011942980345338583 25
1731890649570 0.0011168107157573104 26
1731890650956 0.001255736337043345 27
1731890652357 0.001246018917299807 28
1731890653676 0.0010238842805847526 29
1731890655197 0.0010478358017280698 30
1731890656558 0.0011527091264724731 31
1731890658098 0.0012531240936368704 32
1731890659592 0.001218843855895102 33
1731890660944 0.0011774735758081079 34
1731890662462 0.0011049892054870725 35
1731890663773 0.0013087684055790305 36
1731890665279 0.001012024818919599 37
1731890666581 0.0010937291663140059 38
1731890668081 0.0011961533455178142 39
1731890669370 0.0010135312331840396 40
1731890670997 0.0009463555761612952 41
1731890672441 0.0011496642837300897 42
1731890673804 0.0013492809375748038 43
1731890675203 0.000907168781850487 44
1731890676677 0.00096692651277408 45
1731890678032 0.0008961699786596 46
1731890679324 0.0009373175562359393 47
1731890680661 0.0008932181517593563 48
1731890682054 0.0009222013759426773 49
