1731853775216 0.06477424502372742 0
1731853775846 0.06585801392793655 1
1731853776339 0.06362969428300858 2
1731853776841 0.0622391551733017 3
1731853777338 0.06224852055311203 4
1731853777864 0.06007032096385956 5
1731853778363 0.06356030702590942 6
1731853778859 0.058560170233249664 7
1731853779357 0.05961969122290611 8
1731853779862 0.06046375259757042 9
1731853780369 0.055986516177654266 10
1731853780853 0.061184562742710114 11
1731853781345 0.05713549256324768 12
1731853781845 0.050072185695171356 13
1731853782608 0.05688799172639847 14
1731853783107 0.05994606390595436 15
1731853783607 0.05573534220457077 16
1731853784078 0.05355966463685036 17
1731853784576 0.056268732994794846 18
1731853785104 0.05862310156226158 19
1731853785602 0.05428494140505791 20
1731853786106 0.0569017194211483 21
1731853786610 0.056236300617456436 22
1731853787137 0.05466631427407265 23
1731853787704 0.05582913011312485 24
1731853788259 0.054310284554958344 25
1731853788762 0.05563841760158539 26
1731853789253 0.05350764840841293 27
1731853789772 0.05300386622548103 28
1731853790270 0.05488163232803345 29
1731853790766 0.05496172606945038 30
1731853791239 0.048815324902534485 31
1731853791768 0.04839733988046646 32
1731853792266 0.054063767194747925 33
1731853792742 0.05022295564413071 34
1731853793239 0.05150150507688522 35
1731853793736 0.05200254172086716 36
1731853794261 0.05186040326952934 37
1731853794761 0.045207273215055466 38
1731853795387 0.05049440264701843 39
1731853795887 0.05102629214525223 40
1731853796419 0.049188826233148575 41
1731853796922 0.04559306800365448 42
1731853797475 0.05034163221716881 43
1731853798094 0.04989203065633774 44
1731853798685 0.04869574308395386 45
1731853799239 0.045565165579319 46
1731853799791 0.04810342192649841 47
1731853800298 0.047123752534389496 48
1731853800844 0.04434126242995262 49
