1731857543054 0.19550396502017975 0
1731857543708 0.07466572523117065 1
1731857544415 0.03957411274313927 2
1731857545097 0.02671230211853981 3
1731857546086 0.025688612833619118 4
1731857546818 0.01802532747387886 5
1731857547621 0.015196696855127811 6
1731857548239 0.013682003132998943 7
1731857548801 0.012846564874053001 8
1731857549483 0.021304162219166756 9
1731857550270 0.010537726804614067 10
1731857550880 0.009051606990396976 11
1731857551528 0.008881180547177792 12
1731857552092 0.008439838886260986 13
1731857552735 0.006941094994544983 14
1731857553277 0.007763994392007589 15
1731857553808 0.01022668369114399 16
1731857554376 0.008760834112763405 17
1731857555319 0.006823099218308926 18
1731857555840 0.007186370901763439 19
1731857556414 0.006366000045090914 20
1731857557065 0.006209693383425474 21
1731857557633 0.01660201884806156 22
1731857558229 0.011342792771756649 23
1731857558830 0.0064565809443593025 24
1731857559555 0.006523822899907827 25
1731857560188 0.006763886660337448 26
1731857560803 0.00699002156034112 27
1731857561411 0.025789465755224228 28
1731857562041 0.010411310940980911 29
1731857562568 0.006372035946696997 30
1731857563134 0.00624321261420846 31
1731857563855 0.0061852652579545975 32
1731857564537 0.0059235719963908195 33
1731857565164 0.005632627755403519 34
1731857566248 0.005302066449075937 35
1731857567369 0.0050657400861382484 36
1731857568158 0.007712860591709614 37
1731857569099 0.012475267052650452 38
1731857569964 0.009722410701215267 39
1731857570824 0.008244636468589306 40
1731857571910 0.0066213421523571014 41
1731857572567 0.006185977719724178 42
1731857573189 0.006021484266966581 43
1731857573771 0.007861647754907608 44
1731857574448 0.006836363114416599 45
1731857575058 0.006737723480910063 46
1731857575660 0.005064287222921848 47
1731857576402 0.004854815546423197 48
1731857577184 0.006230664439499378 49
