1731883470786 0.05580759420990944 0
1731883471256 0.025241797789931297 1
1731883471733 0.013365133665502071 2
1731883472182 0.009336265735328197 3
1731883472550 0.008549410849809647 4
1731883473259 0.006117186043411493 5
1731883473806 0.008983753621578217 6
1731883474190 0.006530071143060923 7
1731883474555 0.005217375233769417 8
1731883474951 0.004660494159907103 9
1731883475511 0.005492481403052807 10
1731883475885 0.0035933093167841434 11
1731883476417 0.003932318650186062 12
1731883476801 0.004727657418698072 13
1731883477165 0.004798289854079485 14
1731883477780 0.0037173936143517494 15
1731883478116 0.005518848542124033 16
1731883478575 0.0031999251805245876 17
1731883479046 0.0038732877001166344 18
1731883479398 0.004106129985302687 19
1731883479749 0.0030316400807350874 20
1731883480072 0.0033963550813496113 21
1731883480398 0.003777635982260108 22
1731883480726 0.002900587162002921 23
1731883481193 0.0022547973785549402 24
1731883482000 0.003592015476897359 25
1731883482412 0.0026146890595555305 26
1731883482741 0.00414301035925746 27
1731883483070 0.0024191203992813826 28
1731883483392 0.0033671811688691378 29
1731883483720 0.0024495210964232683 30
1731883484043 0.0025137460324913263 31
1731883484369 0.0026673839893192053 32
1731883484714 0.0027013591025024652 33
1731883485170 0.0021566639188677073 34
1731883485491 0.002443771343678236 35
1731883485959 0.0021072905510663986 36
1731883486283 0.00303997122682631 37
1731883486605 0.0025472508277744055 38
1731883486982 0.0027715598698705435 39
1731883487322 0.0024821183178573847 40
1731883487650 0.00212077796459198 41
1731883487974 0.0023983295541256666 42
1731883488299 0.002420552773401141 43
1731883488619 0.0027060769498348236 44
1731883488941 0.002207300392910838 45
1731883489283 0.0020171289797872305 46
1731883489782 0.00193310237955302 47
1731883490101 0.002605317160487175 48
1731883490430 0.0026231124065816402 49
