1731851943217 0.06782243400812149 0
1731851944117 0.030675752088427544 1
1731851944805 0.025881506502628326 2
1731851945394 0.023036334663629532 3
1731851946003 0.01984887197613716 4
1731851946695 0.017055274918675423 5
1731851947294 0.014935974031686783 6
1731851948245 0.013419096358120441 7
1731851949030 0.011825165711343288 8
1731851950150 0.009134873747825623 9
1731851951040 0.00840010680258274 10
1731851951576 0.007023320533335209 11
1731851952331 0.00572016928344965 12
1731851953009 0.00520350132137537 13
1731851953595 0.004920272622257471 14
1731851954215 0.003808302106335759 15
1731851954918 0.003757663071155548 16
1731851955808 0.0035357291344553232 17
1731851956677 0.0033035315573215485 18
1731851957639 0.002792156534269452 19
1731851958421 0.0028028141241520643 20
1731851959472 0.002827418502420187 21
1731851960260 0.002277233637869358 22
1731851961034 0.0023721668403595686 23
1731851962156 0.0021899347193539143 24
1731851963265 0.0020833539310842752 25
1731851963939 0.0024607547093182802 26
1731851964448 0.00216095638461411 27
1731851965124 0.0022833747789263725 28
1731851965911 0.001886006910353899 29
1731851966597 0.002046121284365654 30
1731851967237 0.0021795067004859447 31
1731851967949 0.002090479712933302 32
1731851968624 0.0018874892266467214 33
1731851969203 0.002083350671455264 34
1731851969766 0.0021608478855341673 35
1731851970403 0.0019231837941333652 36
1731851971003 0.00176422914955765 37
1731851971509 0.002074983436614275 38
1731851972034 0.0017691783141344786 39
1731851972857 0.0018015899695456028 40
1731851973360 0.0019449158571660519 41
1731851974082 0.001928355428390205 42
1731851974634 0.002027115086093545 43
1731851975220 0.0015774320345371962 44
1731851975841 0.0019459420582279563 45
1731851976516 0.0016609540907666087 46
1731851977040 0.001763290842063725 47
1731851977589 0.0017866503912955523 48
1731851978190 0.0018040707800537348 49
